3 93 1.42
1 55 3.6
1 47 17.97
2 13 4.67
3 88 5.78
1 76 13.74
3 41 4.52
1 140 22.71
3 121 21.17
3 117 21.99
2 202 21.24
3 80 21.05
2 21 20.04
3 177 18.73
1 141 10.15
1 58 5.86
1 133 8.34
1 59 8.31
2 89 13.85
2 147 17.43
5 130 306.9
5 173 1337.9
5 592 433.75
5 679 476.08
5 708 1129.52
5 261 464.94
5 794 511
5 521 1448.55
5 595 863.93
5 811 952.39
5 477 704.42
5 730 485.73
5 262 1173.79
5 446 219.98
5 751 407.43
5 324 128.94
5 414 967
5 367 290.78
5 764 848.75
5 249 873.75
8 862 1817.85
11 927 1994.33
9 602 186.69
8 610 208.29
12 333 1103.21
8 435 1129.65
9 218 1203.45
12 781 1159.18
11 916 1036.91
10 358 2066.62
12 566 2013.7
9 954 1483.39
9 534 1929.94
12 765 1343.97
8 630 967.69
10 909 696
10 223 745.89
8 467 1178.71
9 708 461.07
9 885 1764.97
6 855 591.35
2 993 54.24
5 685 747.14
3 981 341.45
5 770 873.33
6 697 651.64
3 795 450.85
3 606 1184.23
3 842 865.37
7 748 241.73
7 624 148.16
2 713 740.33
3 874 1191.4
6 761 530.19
1 815 97.89
1 601 497.7
7 817 1127.87
1 606 923
1 909 741.82
3 624 1160.92
4 650 619.49
6 204 818.99
1 263 396.49
1 451 555.49
10 424 474.99
2 565 389.49
9 397 348.49
1 532 413.99
2 384 495.49
5 754 489.99
1 344.46 813.85
3 906.3 540.03
3 1007.56 187.52
1 359.62 221.15
1 362.79 749.19
1 288.72 159.26
2 782.17 830.72
2 623.18 347.54
3 1061.15 388.5
1 252.75 285.5
3 1020.39 250.62
1 257.97 816.81
3 1025.03 592.55
2 794.32 402.31
1 276.85 485.54
2 851.68 473.96
3 859.12 611.07
3 1317.07 476.87
1 388.1 827.37
1 264.39 758.27
5 198.21 594.83
6 72.85 457.75
8 297.64 481.09
7 237.33 1262.27
5 195.73 1228.49
8 276.28 1179.9
8 302.24 1046.04
8 266.87 252.08
9 310.69 239.64
6 222.08 709.07
8 264.94 720.67
8 161.15 1230.37
9 259.96 554.74
9 97.85 518.56
9 194.34 1054.93
9 332.35 374.61
5 126.44 696.14
5 66.13 848.03
6 135.34 1144.13
6 233.7 346.98
9 849 1007.41
6 806 1760.64
8 891 1194.36
9 1182 1342.24
7 1010 1514.03
8 892 1768.53
6 825 1692.73
8 1118 1758.52
8 1064 1756.52
6 811 1252.04
7 889 1417.96
9 1012 1429.04
6 909 1332.18
9 1096 1690.22
9 913 1021.29
6 1006 1219.71
6 907 1650.17
9 816 1171.81
7 1006 1181.33
6 835 1404.28
12 528 2476.41
4 69 2321.49
11 1179 31.36
13 756 954.4
1 123 2076.65
3 1162 2152.66
1 822 2170.53
11 558 1549.86
2 753 1111.16
10 224 407.51
6 383 462.79
8 1005 1391.37
10 1145 311.43
5 1004 2367.63
5 873 1402.35
2 165 1813.32
5 1076 190.33
12 986 2390.92
7 948 657.17
3 429 2400.13
4 362 646.43
2 622 1871.56
1 140 255.99
8 123 612.55
4 87 2463.92
10 164 1144.9
1 989 2196.84
4 470 1968.63
1 37 1397.17
8 488 439.7
12 757 897.4
14 958 1727.76
2 456 2390.7
5 733 41.18
5 291 1279.7
10 478 2091.79
8 817 1455.73
6 1043 1404.35
2 958 1855.58
9 524 474.75
6 45 81.59
8 342 2259.06
12 379 1897.29
6 333 1254.68
2 634 1739.81
5 285 974.73
12 33 1249.13
9 118 1285.82
1 420 2273.6
11 312 2072.39
10 753 2054.02
5 125 96.38
6 597 888.84
12 1065 203.2
1 214 540.03
11 886 922.66
10 621 978.73
4 1000 2355.34
13 534 1765.96
6 475 1800.71
11 623 2265.21
1 620 973.91
13 1004 1757.75
8 962 1929.63
14 516 1464.67
11 685 2272.75
3 307 266.21
3 375 1346.21
4 1124 2177.18
3 779 2110.9
8 1173 671.25
14 47 1667.14
3 981 2008.83
5 516 1450.67
6 471 332.51
2 941 1565.77
10 377 301.96
7 273 285.83
1 458 834.7
11 772 932.31
11 36 1541.47
12 211 1048.29
7 987 2164.1
9 662 2275.59
12 96 1164.37
5 569 1856.7
12 128 477.17
4 886 2401.28
13 19 807.27
8 275 2347.09
9 963 588.5
14 1056 2489.69
5 728 423.16
4 286 1063.49
11 332 1352.48
12 49 1118.38
2 18 2503.46
14 592 1268.36
3 892 171.32
11 741 1872.39
14 807 2358.41
5 873 1584.53
3 1159 2209.44
11 920 1338.65
1 388 390.7
9 576 1059.79
9 524 2367.12
10 459 2183.11
4 725 588.9
1 992 958.87
10 536 2194.42
11 1126 1593.03
10 314 1098.8
1 9 2246.28
11 706 1508.23
10 976 2166.02
5 1028 653.19
8 1166 99.47
12 882 1958.14
11 448 732.79
7 623 1691.39
3 127 293.49
12 218 486.02
3 1166 530.44
11 17 550.58
9 696 1749.97
4 305 125.79
12 104 1300.05
1 303 931.53
8 1012 2390.84
9 938 2224.29
3 471 288.19
5 72 977.67
10 160 2272.56
10 965 1851.28
3 266 2178.16
12 734 2491.82
12 64 1641.01
9 497 1845.08
3 781 1801.38
3 158 1070.74
3 1096 200.27
11 1116 2067.8
10 831 39.86
14 124 1064.64
4 10 1262.73
5 955 106.86
7 1176 2489.13
6 803 465.6
9 868 62.12
1 181 128.05
3 70 631.88
8 1090 419.76
14 1184 2269.89
1 735 1676.9
2 547 119.09
11 265 218.66
10 223 886.32
12 959 1947.82
11 498 1578.39
14 127 988.4
3 621 214.08
6 1193 2241.5
4 448 2055.97
8 466 2064.63
12 229 1216.16
13 658 559.48
13 1034 2477.98
4 842 2464.29
13 837 1218.93
11 927 1306.37
4 1047 1657.68
4 262 1681.28
7 1126 1103.75
5 781 672.91
5 831 591.65
7 1089 1026.25
1 793 2171.07
9 368 495.12
6 818 1130.38
11 667 1915.95
2 267 2116.93
10 1083 2105.36
13 529 1767.79
9 1155 1346.4
7 1185 1768.01
5 763 1420.94
7 368 1231.69
6 659 322.1
14 1138 518.18
6 172 1977.78
6 628 311.47
2 500 1246.48
8 7 2075.6
5 942 2092.87
12 81 2485.34
4 166 791.52
3 213 1724.85
11 1004 167.15
5 116 478.1
13 112 2299.56
1 43 2149.22
2 660 1944.4
10 888 298.68
10 860 2380.76
10 1187 1981.09
12 1139 124.65
5 966 359.51
10 796 1352.08
9 72 1281.32
10 215 2440.91
7 671 1297.02
5 230 333.69
5 467 1243.31
13 247 2339.61
14 777 1248.61
11 740 1171.99
6 884 1798.31
5 789 1853.31
4 825 874.99
2 301 769.23
12 1007 1353.77
5 865 644.79
14 81 1251.97
8 1159 2175.27
11 496 373.98
1 752 1632.35
5 1014 1853.57
9 686 145.66
5 654 1272.89
8 621 2391.34
9 1080 539.51
10 714 269.06
10 816 1425.64
14 1122 1766.25
4 1202 1074.87
5 651 1573.3
14 1100 237.69
14 296 485.68
1 697 2148.5
6 1044 47.46
12 398 2481.44
3 139 2428.89
6 84 852.7
2 423 1639.17
11 815 2385.6
6 577 897.74
8 200 1508.89
9 1102 540.6
12 508 1970.54
13 1024 1712.85
7 1161 1499.97
2 730 285.24
13 996 1809.2
5 1160 1901.83
2 1139 306.43
14 191 2442.76
7 776 2447.82
14 414 1919.7
7 847 1994.62
6 924 1227.21
2 933 1589.58
1 211 958.08
10 773 865.92
3 196 1211.68
14 49 954.02
5 477 655.24
5 828 1606.84
11 458 1364.29
3 289 1245.67
1 1060 501.67
5 1085 2486.43
4 675 381.48
8 415 1214.97
6 425 709.75
7 313 2408.02
13 235 426.07
7 635 1406.31
10 1009 2164.22
3 692 450.7
2 91 1073.76
8 1187 1045.91
14 600 1120.05
5 210 710.49
12 10 1203.1
1 452 275.05
4 256 2218.74
8 312 2383.17
2 1175 816.2
11 960 383.64
6 690 1009.37
14 487 579.29
8 75 315.71
13 360 271.93
11 708 1871.77
3 182 347.82
10 683 2442.92
5 392 1264.6
10 175 1443.25
7 577 1959.13
13 799 951.92
13 608 370.89
7 194 202.49
13 889 232.72
7 901 136.8
1 698 1525.82
9 592 793.55
14 1015 871.76
9 524 136.46
5 781 2114.27
3 200 58.24
5 503 2335.55
11 667 2221.67
7 336 1843.58
4 217 1506.46
8 207 1146.93
7 690 1807.71
2 251 1916.43
4 627 956.98
1 432 581.71
4 1194 2250.51
10 64 455.9
8 15 377.85
11 741 1207.39
8 638 1007.48
12 965 1700.28
8 1182 990.07
13 1062 869.28
1 754 1220.47
14 767 186.47
11 775 1752.23
8 592 1402.98
6 957 727.75
9 800 2167.72
6 1198 222.6
3 1092 1737.65
12 958 2499.84
11 955 1282.19
11 605 1880.69
7 670 1558.02
11 844 1962.77
3 718 1158.02
6 323 1477.23
14 616 2374.41
8 752 1519.78
1 1166 1423.69
3 1187 1632.14
3 1013 166.52
5 741 429.24
14 467 2176.26
3 224 358.77
3 712 512.23
12 218 901.03
6 373 587.38
8 562 2479.33
5 132 2387.03
3 98 871.46
14 545 1206.76
1 869 1498.88
2 875 393.25
8 888 2296.07
1 716 1396.41
8 1025 1031.33
9 1064 2016.76
4 463 1963.41
1 678 1478.57
1 436 1358.14
5 586 2135.36
1 797 126.8
14 481 939.99
7 172 1486.86
10 1192 23.47
7 981 658.85
10 692 1671.71
13 710 2223.86
12 380 1526.79
3 133 1728.5
4 730 799.25
12 1070 1055.51
8 1185 554.98
11 456 2223.72
12 85 1056.43
2 543 103.37
6 367 1947.68
1 481 1792.17
5 233 1862.04
1 45 1070.22
5 152 2444.81
7 344 1242.05
5 320 1584.55
9 989 378.12
10 57 936.89
12 342 2253.61
2 983 2109.93
10 886 1990.03
10 5 836.86
3 80 517.54
8 482 1411.49
4 11 312.01
12 1075 2328.11
13 632 268.91
8 323 46.48
11 527 1550.32
5 948 898.6
5 504 1502.63
10 793 1422.29
13 32 232.43
9 768 1815.6
9 994 1742.62
1 1105 1432.3
12 178 507.59
10 472 431.95
5 716 1111.23
3 771 725.67
13 1054 1131.25
10 872 2191.27
12 1077 32.55
12 211 749.56
4 199 1310.01
2 1029 1702.6
10 643 2263.77
10 797 1706.73
12 657 322.5
8 177 486.06
2 222 456.24
3 555 2342.76
2 785 1964.63
5 104 281.67
1 673 2026.16
10 877 1711.12
1 250 1300.17
1 467 296.49
10 1026 828.82
11 1106 2250.54
12 452 816.56
14 865 2497.16
8 107 2450.89
8 80 1092.18
8 945 766.98
13 1140 1607.8
2 636 1438.19
14 865 1422.11
12 482 1710.47
2 68 756.61
14 512 526.84
14 1001 1647.24
1 547 573.6
10 5 1338.9
3 1158 1107.4
1 993 1143.58
6 378 837.63
11 1156 2231.86
5 1050 882.86
8 836 735.52
11 654 1516.42
8 633 1308.36
12 713 1642.01
5 96 1105.47
7 1054 576.47
12 495 1948.13
1 1068 2011.28
7 1000 1620.46
13 855 1798.75
8 544 1279.51
11 816 544.99
5 1080 2383.82
8 1124 1908.69
3 29 1632.85
6 470 2235.72
7 287 2293.5
4 72 1367.29
6 344 233.31
8 801 1241.21
5 629 484.34
11 327 961.08
14 94 105.94
4 1113 2103.82
14 267 2090.21
1 979 1292.54
10 625 519.94
14 457 848.61
11 398 723.39
14 68 438.96
3 769 2497.93
13 694 1054.31
12 1088 1977.91
9 101 950.23
1 170 2452.85
12 1135 475.95
3 1109 2092.26
7 753 358.13
2 521 467.19
12 1003 983.23
3 269 708.05
14 646 2418.19
14 1153 346.58
4 18 289.06
13 1167 1074.36
1 1113 1536
6 930 1907.95
5 714 617.72
7 256 2180.53
9 1063 2497.79
11 512 2016.19
9 463 1024.53
12 714 2003.23
9 1165 1868.79
1 872 2420.07
10 631 1220.71
9 633 888.17
4 1065 119.34
12 947 193.05
4 159 568.58
1 292 449.83
1 1115 926.13
7 1168 667.94
4 348 2047.08
8 77 1930.98
7 1033 1013.03
4 672 1603.52
4 1191 999.45
8 392 661.27
7 951 584.4
5 778 2423.47
11 958 1999.13
3 186 1068.31
5 1116 2460.46
13 63 107.92
6 170 476.99
3 870 413.23
12 852 1957.9
6 420 386.77
6 668 1922.45
8 795 1645.99
4 420 927.74
12 1074 2407.71
12 916 2394.85
4 1075 586.17
5 1143 1217.72
2 719 591.44
4 197 1858.84
6 248 395.4
10 834 1820.8
1 1112 2011.44
12 1189 1453.16
14 269 1349.61
7 671 1262.85
9 52 350.58
14 976 1526.58
2 370 1554.5
4 1180 1948.55
5 36 2022.94
5 691 1030.64
8 52 2353.5
11 24 2029.04
8 221 936.98
1 85 89.83
7 803 12.75
12 893 910.41
14 113 1091.13
5 516 1878.49
14 904 2005.96
1 1058 1601.04
14 555 313.73
7 738 730.28
8 792 2437.24
5 831 432.8
7 709 320.8
9 1078 161.85
2 616 968.93
2 570 2297.12
9 13 986.41
7 381 2106.96
9 460 2424.47
4 425 1286.54
11 437 1053.24
9 1000 1901.79
1 553 1687.11
10 5 1094.06
12 931 864.21
6 436 914.53
3 1074 247.32
9 896 1398.54
1 462 2047.57
3 665 2418.16
11 532 2419.86
9 483 52.64
12 296 326.83
9 131 1990
6 836 2035.17
10 532 1223.36
14 595 2140.61
7 623 1894.02
5 1077 2234.35
5 579 1018.52
8 255 1817.19
8 1009 1378.07
10 87 498.96
1 809 1734.56
9 1079 1981.94
8 1134 1049.84
8 403 654.97
8 534 429.88
13 564 2245.56
2 752 958.29
11 293 1410
5 919 470.23
5 103 333.22
1 893 19.76
12 37 52.65
8 1142 776.74
5 332 218.03
7 950 1739.62
9 223 1916.03
6 522 1210.87
12 46 2077.07
2 252 1545.94
14 999 619.42
13 125 2004.61
9 597 625.99
3 289 853.79
7 953 1918.24
4 275 2359.64
5 755 1584.41
9 803 880.17
11 293 285.14
6 164 1460.21
12 675 2277.93
11 859 146.71
2 296 1878.7
7 300 2417.85
2 1155 1517.18
5 765 480.48
9 1097 2330.2
4 422 2049.71
14 1020 510.33
4 205 545.57
12 1046 1850.85
4 1001 739.08
9 938 742.17
5 351 407.74
9 748 653.42
13 1186 2462.26
6 384 1656.04
10 150 418.41
10 783 158.93
6 372 2494.69
10 958 1643.76
8 34 1225.2
7 151 2461.93
7 150 1379.35
6 751 2085.98
7 568 159.12
12 574 2240.9
13 36 808.38
14 595 1818.77
7 381 2342.27
14 174 815.3
11 226 2013.45
13 137 1505.66
13 774 206.45
5 1120 1514.91
4 862 2335.55
8 829 1147.89
4 380 446.66
9 238 1197.83
13 1199 493
12 710 1249.41
14 719 1973.14
1 482 1697.08
9 444 725.31
11 610 1990.79
4 238 1707.28
2 299 1612.7
10 273 799.9
3 154 274.04
7 636 697.02
2 1038 685.07
2 798 2334.41
12 601 2166.56
6 290 814.04
8 16 259.02
8 303 1072.44
11 372 2048.26
3 864 2338.52
11 913 2253.41
14 805 834.06
5 905 2317.31
10 728 226.53
4 842 893.25
5 117 953.06
12 307 957.17
9 51 314.81
7 1071 841.11
13 922 1510.22
8 867 2373.39
11 1013 1483.3
6 1148 1525.81
12 158 2195.67
5 1010 2054.21
1 682 1517.04
5 14 78.33
6 1203 1900.48
4 810 1852.31
3 760 2073.25
7 868 625.09
7 205 103.31
5 387 1882.35
11 447 130.07
9 482 1348.44
7 15 2436.67
10 955 1182.33
5 41 2314.68
2 1189 1164.74
2 762 519.74
10 895 937.46
13 858 2258.01
11 650 524.8
4 198 2106.63
1 791 1927.75
14 1020 1201.75
12 59 2247.39
8 626 545.84
5 57 559.05
5 908 716.7
13 8 78.44
11 684 672.51
4 180 2365.46
13 511 1628.33
4 231 20.39
9 1139 1973.31
9 578 1167.71
14 530 2028.06
7 316 141.89
2 897 2382.39
12 121 608.92
4 764 1417.94
11 663 2141.08
3 91 1640.15
1 1035 1289.84
7 125 193.62
12 437 639.96
4 84 2243.12
5 716 1316.6
12 18 2461.37
3 560 1664.15
3 504 63.39
5 1126 664.9
1 1092 390.55
11 273 502.37
4 6 458.7
1 620 490.45
5 659 2083.15
12 353 2150.17
13 618 1982.27
2 1158 2355.92
3 512 1251.6
5 840 941.55
7 1086 2319.81
13 1152 864.45
4 840 1375.42
4 724 89.99
3 327 2141.92
13 1055 2005.84
1 931 327.97
10 108 2181.67
13 1204 24.47
5 517 919.25
8 897 1536.36
12 988 2492.79
1 1041 1630.25
10 454 2359.42
5 406 1084.16
4 103 1790.07
11 198 269.95
4 477 18.97
11 67 2455.53
7 789 185.73
13 70 993.7
12 59 858.62
3 1027 180
3 275 543.74
12 180 384.42
3 334 2449.89
7 759 1694.02
10 174 1991.96
1 780 366.37
9 934 415.5
8 936 556.28
1 1002 2320.13
7 83 137.84
9 191 789.52
3 280 1090.37
5 644 2383.17
10 498 992.86
4 317 1793.28
4 1100 370.61
4 263 2469.06
4 932 1287.34
14 343 2013.4
2 274 888.24
1 759 330.29
8 204 2178.45
10 396 2068.65
6 840 870.82
7 756 1473.59
4 1048 279.75
9 800 39.96
3 240 1895.67
13 997 920.48
2 826 2163.39
6 194 914.25
4 333 1934.76
8 1053 1864.01
12 466 1291.33
8 916 2417.62
11 322 1251.3
13 11 1114.96
7 250 364.79
5 247 296.51
14 1158 2104.61
11 1095 1071.83
11 1149 270.81
9 14 1057.38
4 184 983.77
6 135 2488.22
5 717 1508.97
1 389 1964.96
3 1136 1296.54
13 145 2202.42
1 1122 861.5
14 383 97.95
1 309 1211.37
14 1090 2248.68
3 278 994.9
7 1109 2397.29
12 643 2194.16
11 176 1050.67
7 309 1021.75
3 992 1897.41
3 175 440.19
5 895 2329.69
8 372 348.37
5 567 193.11
8 978 710.43
1 1082 1809.49
11 636 2238.97
6 370 315.09
8 413 222.83
3 399 141.39
