364.51 364.52
126.06 126.07
128.91 129.05
203.52 203.53
380.37 380.03
158.35 158.35
320.12 320.13
199.68 199.48
464.07 418.92
359.1 370.43
356.17 356.19
366.87 366.24
204.58 205.76
430.86 429.18
195.14 195.10
117.24 117.16
179.06 179.07
120.65 120.66
234.2 234.32
325.56 325.57
574.1 573.51
1443.96 1444.32
869 878.41
1030.41 1003.15
1654.62 1629.53
621.12 645.85
1139.94 1091.46
1624.01 1624.00
1231.67 1238.72
1608.6 1592.29
1045.96 1041.42
991.49 1003.08
1485.59 1478.53
788.62 786.53
1063.46 989.59
686.54 684.32
1368.94 1318.37
742.25 752.69
1468.46 1467.86
1185.24 1173.50
1719.37 1758.26
1779.12 1803.47
1085.4 1009.12
841.27 904.35
1618.13 1617.77
1525.26 1522.49
1561.63 1561.88
1752.72 1827.07
2098.07 1911.75
1624.11 1601.86
1752.03 1745.64
2024.2 1881.4
1624.87 1640.40
1953.03 1856.97
1388.05 1406.71
1505.19 1508.91
1037.45 1058.59
1483.33 1512.49
1110.6 1081.88
1694.37 1752.24
1339.72 1319.67
715.19 715.36
1216.36 1242.4
813.95 791.02
1502.49 1509.81
1237.71 1227.52
743.94 744.75
1364.54 1382.07
1251.14 1245.97
971.31 998.83
905.79 907.71
1048.28 1047.47
1515.99 1508.24
1120.1 1126.40
539.36 539.20
644.12 637.96
1809.91 1827.04
1050.05 1052.73
866.07 965.07
1459.34 1459.13
676.38 1011.84
628.4 1023.68
198.42 295.84
162.18 439.94
831.96 918.57
415.96 548.86
913.29 901.47
355.57 403.01
290.36 502.40
765.13 1014.23
707.88 699.99
848.42 843.31
764.64 763.95
255.57 284.87
636.51 637.80
303.94 301.38
1165.44 1152.42
625.15 607.27
693.36 749.80
331.74 316.11
779.08 771.03
738.01 724.20
992.4 986.49
671.06 654.93
361.66 364.98
650.68 671.57
960.47 958.28
787.42 787.28
741.46 736.08
636.19 646.93
807.48 795.96
666.59 654.98
835.08 831.55
1452.17 1512.97
511.23 1388.65
1522.6 1517.82
1353.77 1444.34
880.41 835.38
828.16 824.61
1031.34 1014.37
1019.85 1021.25
1499.24 1491.51
835.54 841.96
850.57 832.59
1374.9 1400.92
830.45 835.83
845.35 839.24
1050.25 1038.68
1478.11 1471.05
648.57 664.63
1785.47 1797.26
1718.76 1772.62
2016.46 1903.23
2164.15 2020.13
2063.98 1858.33
1902.37 1782.47
1817.77 1779.11
1852.47 1850.48
1857.04 1828.61
1771.8 1780.55
1826.08 1814.13
1880.76 1901.06
1720.21 1775.39
1894.85 1881.12
1964.86 1892.76
1803.97 1848.94
1737.86 1787.87
1780.58 1801.83
2279.82 1904.93
1765.79 1762.69
1662.88 1726.41
322 1317.11
1550.55 1445.77
1793.07 1798.33
1171.68 1171.46
1434.71 1462.1
1374.91 1425.11
1823.47 1773.63
1353.87 1353.42
794.7 800.23
800.3 863.93
1987.39 1856.99
1366.61 1349.85
1743.85 1727.47
1676.79 1707.14
1273.45 1273.60
879.65 951.30
1760 1806.23
1578.97 1496.91
1411.95 1435.21
788.53 821.93
1494.23 1496.40
150.34 218.45
851.24 851.76
1413.52 1402.73
1516.43 1517.28
1439.17 1440.52
1501.1 1517.60
1092.94 1092.71
1030.13 968.72
1780.07 1742.10
2065.16 1988.00
1342.39 1341.51
771.83 841.73
1477.12 1476.83
1568.41 1604.29
1847.26 1789.43
1807.42 1814.43
1549.54 1520.97
935.4 954.38
522.58 522.26
1502.02 1532.88
1682.98 1714.09
1585.02 1553.90
1490.51 1493.29
1282.84 1273.35
1707.38 1634.92
1539.77 1551.60
1220.35 1220.64
1586.22 1649.85
1779.08 1736.73
570.99 570.80
1395.65 1386.78
1408.25 1327.07
402.81 399.83
1852.24 1712.17
1656.28 1615.51
1699.56 1604.41
1881.36 1883.65
1671.23 1614.45
1739.18 1729.49
1112.02 1111.86
1960.67 1982.01
1897.19 1797.21
1842.1 1853.44
1873.94 1741.22
540.97 529.57
1339.93 1340.14
1567.43 1592.63
1520.73 1522.72
1419.34 1501.52
1745.18 1746.25
1539.47 1516.04
1547.5 1587.64
872.19 876.93
1432.79 1469.49
837.36 897.57
793.58 793.26
737.28 746.64
1575.52 1676.92
1593.24 1596.02
1579.73 1580.91
1839.67 1825.13
1599.27 1685.86
1553.21 1556.37
1623.81 1634.51
874.99 880.51
1698 1605.61
1331.53 1305.26
1454.47 1510.88
1434.42 1436.63
1894.16 1918.16
947.72 970.57
418.17 1352.29
1663.39 1690.62
1494.81 1497.54
1206.95 1207.07
1930.24 1867.73
875.39 811.40
1847.08 1768.50
1819.41 1885.81
1796.7 1726.49
1434.84 1462.1
1871.27 1880.58
332.06 333.18
1547.5 1546.22
1640.78 1640.81
1559.59 1604.64
1097.95 1084.47
1222.41 1217.76
1615.13 1635.51
2143.74 2038.29
1539.1 1515.01
1120.22 1120.76
2030.59 1853.45
1775.03 1797.72
1313.95 1310.64
1149.07 1149.60
1944.88 1839.12
1090.35 1140.48
1800.86 1697.62
303.2 392.9
1005.67 940.14
785.59 832.78
830.07 832.65
1649.49 1689.66
664.43 616.96
1779.92 1732.50
857.42 896.66
1732.12 1781.20
1913.87 1808.41
535.67 558.43
1156.55 1160.62
1642.15 1564.27
1805.77 1815.29
1447.95 1435.39
1792.31 1792.20
1710.72 1695.37
1674.09 1611.66
1586.21 1529.80
1183.16 1171.86
802.96 783.06
1987.44 1928.48
982.64 1000.39
1761.68 1705.37
1261.41 1261.39
897.78 902.15
1921.16 1869.24
1012 1038.29
1022.81 1064.77
225.12 225.06
564.16 592.32
1189.47 1196.72
1943.24 1954.37
1365.21 1400.74
509.52 509.55
949.34 950.32
1305.54 1280.69
1833.24 1854.73
1793.52 1738.37
1688.9 1622.89
779.66 709.28
1839.47 1843.96
1497.46 1515.40
1558.12 1534.20
1696.65 1696.31
1573.12 1517.52
1842.24 1874.31
1611.66 1609.95
1921.68 1940.48
1804.68 1875.07
1605.84 1603.65
1435.34 1461.44
2014.72 1980.52
1125.36 1307.92
1090.31 1249.31
2132.85 1992.35
1421.36 1421.89
847.33 861.83
1704.06 1767.53
1732.2 1747.35
1349.04 1341.72
1844.58 1869.66
2015.18 1884.49
2248.12 1992.55
2072.18 1899.08
1777.14 1702.00
1550.04 1550.44
972.58 996.89
1696.86 1539.73
1603.89 1545.03
903.3 969.14
1264.53 1268.45
1422.12 1421.58
1696.72 1717.79
1589.65 1604.06
866.18 874.31
1344.71 1374.67
1175.65 1175.84
624.04 621.35
1807.67 1764.86
1134.47 1133.76
1531.2 1506.39
1171.54 1161.68
1759.97 1769.98
2013.21 1944.93
1314.3 1314.58
927.98 1000.05
2000.19 1827.08
1515.54 1516.57
1638.66 1577.98
1703.2 1694.31
538.36 605.82
1549.82 1520.16
1705.9 1741.80
1837.25 1894.82
902.09 1747.23
1897.87 1782.74
1792.88 1690.68
784.52 1296.91
731.28 767.25
1925.32 1945.31
1202.46 1270.07
1682.62 1683.90
1752.18 1802.61
1152.99 1072.94
1362.39 1401.02
1749.31 1730.64
972.95 980.84
1724.68 1634.99
1593.12 1601.61
1306.91 1323.32
1067.81 1068.04
1872.81 1836.03
2239.35 2019.68
1501.24 1512.00
1682.08 1685.24
1265.57 1279.78
924.9 1047.22
1421.07 1418.70
1133.45 1101.63
1755.18 1700.51
1345.66 1360.04
1109.32 1117.63
1367.64 1353.18
1872.44 1783.06
1257.31 1312.19
1461.33 1504.81
1455.85 1461.00
1770.91 1734.03
2097.69 1994.08
1862.45 1873.57
624.78 619.55
1956.89 1968.98
1673.89 1690.38
726.14 728.28
1798.47 1786.10
1826.93 1749.45
1918.89 1851.77
1851.7 1791.89
1871.76 1822.18
1489.99 1485.55
891.9 909.31
1837.11 1665.77
1229.87 1229.48
1480.87 1479.04
935.38 962.96
1690.82 1722.37
1649.04 1683.80
1279.31 1296.03
658.14 682.48
1664.83 1693.28
779.68 811.76
1473.75 1522.32
1114.9 1101.08
1637.65 1606.41
897.26 947.77
1630.66 1671.53
1889.87 1878.17
748.57 747.78
1013.78 1099.99
2047.06 2047.44
1847.84 1849.74
483.34 909.83
1564.9 1564.92
282.89 287.99
1476.03 1483.03
1557.27 1532.51
1237.62 1237.46
1248.46 1240.83
1559.83 1568.71
1516.68 1497.88
593.83 630.34
1017.64 1018.21
1916.37 1775.65
384.77 437.33
1643.68 1697.15
1465.72 1503.24
1635.5 1623.44
1603.6 1654.12
1793.36 1800.89
1170.54 1179.20
686.23 678.71
1394.38 1348.96
1222.6 1178.90
1398.75 1399.56
1235.69 1231.01
1846.41 1817.94
848.89 851.61
1789.85 1688.35
494.63 491.63
1649.42 1596.11
1872.89 1736.64
1691.68 1606.49
1455.37 1453.13
1479.01 1478.73
1710.98 1707.6
1285.2 1330.92
1337.63 1336.28
448.34 454.34
1691.15 1617.04
774.64 770.09
657.8 650.08
1878.06 1831.36
1483.06 1541.62
1879.09 1906.74
1840.75 1894.29
2090.54 1827.24
1346.14 1342.28
1292.77 1291.66
1809.29 1787.30
1561.41 1574.93
1448.72 1483.34
1726.51 1745.27
1107.96 1109.36
1462.01 1471.42
1791.69 1806.49
2000.42 1922.83
1711.55 1735.15
1702.81 1703.69
1787.57 1789.03
1416.98 1418.95
1608.55 1607.41
1828.37 1875.93
1662.92 1663.54
1412.13 1411.94
1451.85 1477.85
711.07 749.49
951.92 973.94
1809.83 1822.14
406.36 450.57
751.16 789.85
1371.86 1404.57
956.61 966.65
1478.31 1535.01
1454.05 1499.34
866.05 944.55
1977.89 1865.61
1398.94 1400.13
640.56 636.47
1718.71 1757.10
1376.59 1376.29
2214.64 2009.74
1810.94 1810.36
1607.34 1518.11
1370.31 1370.26
1154.03 1152.65
1661.61 1643.82
543.18 542.32
877.17 1448.61
1557.94 1546.10
1157.87 1158.00
1351.69 1476.68
1701.23 1719.34
1979.83 1853.57
1787.41 1783.55
1373.4 1359.85
1250.66 1245.78
2030.76 2012.10
1545.67 1503.41
1600.1 1651.60
1466.31 1466.34
544.12 536.08
1606.76 1607.54
1215.84 1207.38
1562.23 1540.38
922.69 961.95
1523.75 1502.70
1514.4 1549.49
1584.73 1589.52
1193.72 1189.36
1237.07 1236.76
1659.5 1694.82
1519.98 1518.61
1749.93 1778.03
1116.56 1115.68
457.49 454.18
631.81 1513.51
426.22 426.22
1798.38 1829.33
1396.28 1306.21
703.45 710.16
1806.06 1772.98
1499.68 1508.30
1628.66 1602.85
2007.62 1793.19
805.12 805.66
1666.18 1712.95
1849.58 1853.94
1387.17 1387.61
907.19 911.59
924.65 929.02
1492.08 1539.69
1166.93 1164.54
2162.03 2035.44
1776.62 1770.53
1387.43 1387.50
1285.23 1270.22
1400.57 1398.93
1577.55 1526.63
1685.92 1695.54
1724.42 1774.79
1113.16 1143.31
751.58 743.98
437.4 432.60
1458.63 1462.82
1522.76 1505.16
464.68 532.17
1372.83 1379.15
1897.37 1786.28
1145.33 1145.07
221.23 292.06
1865.67 1744.74
2050.62 1927.94
1243.1 1256.35
1885.87 1895.98
1468.19 1473.47
1365.73 1368.34
1625.53 1629.62
2214.64 2024.78
1435.96 1457.31
1921.18 1937.34
1746.74 1764.21
648.53 656.48
1306.64 1310.60
2080 1997.75
616.27 604.67
1610.25 1595.66
1361.3 1371.72
1328.85 1337.45
1215.96 1204.27
1988.56 1926.29
1430.04 1446.44
1606.63 1579.11
1870.43 1829.32
1639.12 1631.04
1873.19 1881.89
1312.16 1310.26
1344.18 1359.58
1831.92 1734.03
1421.45 1421.54
1971.23 1842.95
1951.77 1952.27
1483.77 1527.24
1077.12 1283.57
1664.76 1693.28
1833.27 1828.38
1269.1 1269.02
1628.6 1609.06
1558.09 1567.32
1302.97 1302.48
800.18 788.98
1780.65 1786.26
1029.87 996.39
1356.46 1366.61
1180.63 1168.04
1695.08 1598.35
1968.4 1796.61
1313.53 1357.68
1229.41 1195.12
1492.64 1493.32
1154.77 1151.44
866.76 865.98
1587.8 1526.07
1815.02 1815.70
1883.21 1882.80
1281.64 1267.1
1209.08 1196.88
1447.39 1459.08
1436.66 1473.63
1084.79 1063.01
667.85 614.07
1996.18 1917.05
799.12 786.54
1931.21 1879.85
1292.93 1304.37
380.88 380.15
2197.33 2085.77
1403.6 1404.17
1788.75 1802.28
1164.2 1154.42
1548.87 1567.13
1761.94 1810.34
1710.53 1662.68
1476.48 1480.66
1829.06 1796.39
1945.95 1882.47
1456.34 1440.17
1730.86 1721.17
1384.78 1409.91
781.82 783.12
1225.63 1225.16
647 641.25
363.02 345.21
1192.88 1182.01
1639.55 1532.03
1507.04 1514.63
1485.69 1484.18
2119.83 1961.37
1612.43 1576.86
1478.93 1480.97
978.13 1010.45
1253.76 1342.07
1643.96 1687.92
1900.18 1819.02
1152.04 1162.19
1711.97 1709.97
710.25 709.81
600.23 655.24
795.8 781.22
1944.89 1839.30
929.16 883.02
1796.98 1712.10
644.69 1638.49
1238.04 1229.85
1843.97 1829.99
1740.85 1798.8
1023.65 1017.93
1745.09 1724.00
755.3 838.55
1416.33 1424.81
710.15 698.96
1883.49 1778.55
1423.85 1408.67
2162.13 2088.28
1832.34 1802.09
1600.42 1659.58
601.81 647.67
1995.87 1984.72
1311.23 1311.32
1565.16 1586.42
1410.58 1438.56
1465.26 1493.17
1485.05 1482.80
1569.37 1569.38
1287 1285.54
175.53 183.29
1146.78 1136.49
1862.13 1760.78
1703.02 1705.09
669.85 1588.10
1970.01 1913.48
1465.9 1454.57
1201.26 1184.45
1429.72 1427.87
1556.7 1624.20
901.36 1021.00
1116.62 1060.63
1260.96 1225.57
1163.1 1162.27
1423.86 1424.01
1271.52 1318.67
1705.27 1607.97
1624.68 1609.74
1449.26 1448.71
1630.47 1546.82
1778.65 1824.70
1295.34 1283.91
1361.08 1361.40
1663.58 1743.32
1389.11 1319.44
636.02 737.62
1727.1 1778.65
1202.9 1205.23
1490.96 1499.02
1653.69 1686.72
949.04 932.06
981.72 966.17
1557.2 1549.44
1718.79 1770.68
1631.49 1649.30
1989.13 1879.67
1739.49 1696.91
1665.23 1695.16
1468.01 1467.54
1510.91 1514.03
1903.76 1860.64
781.97 782.99
1447.25 1440.46
1763.16 1817.31
2073.13 2030.05
895.14 992.06
916.02 951.50
1745.09 1811.25
1144.41 1230.69
1673.7 1676.65
1119.17 1067.62
573.58 569.14
570.71 570.71
789.01 788.06
1827.44 1676.15
801.73 755.02
2032.23 1834.70
1623.73 1569.34
1577.01 1587.53
1666.29 1624.21
1300.19 1299.68
1510.57 1533.54
1721.56 1724.13
990.84 1116.31
969.85 990.89
1833.56 1829.01
1483.58 1483.38
1729.08 1701.98
1589.75 1644.68
966.87 921.53
1535.3 1541.60
1807.33 1775.30
1267.98 1216.88
1354 1353.66
1634.04 1580.84
1543.17 1536.97
1038.42 1025.91
1728.07 1816.56
1491.9 1516.47
1406.95 1415.97
682.22 666.18
1875.72 1882.31
1116.31 1136.9
1632.1 1630.79
883.11 820.34
1249.66 1248.39
1906.35 1925.66
1682.33 1611.98
844.9 806.35
993.55 1019.10
1742.34 1607.22
1827.18 1844.34
1438.52 1438.5
1516.58 1539.00
1500.09 1514.52
1757.81 1745.6
738.92 850.31
1785.72 1747.16
1190.16 1221.54
1889.9 1907.45
1705.24 1607.97
1295.14 1303.62
1590.82 1625.83
1777.72 1789.21
1110 1190.45
1658.97 1707.36
1698.94 1605.27
2004.34 1868.54
764.24 720.24
1560.78 1562.56
1634.13 1581.42
1921.09 1849.95
1980.99 1926.21
1198.24 1202.80
1062.52 1089.67
1753.56 1729.80
1483.48 1480.76
1282.8 1311.04
1155.05 1147.45
406.91 411.60
1276.06 1271.99
962.14 976.71
1485.4 1495.88
1918.46 1770.69
1077.35 1073.96
543.56 546.46
1453.25 1453.19
1632.61 1650.71
1513.04 1517.36
1758.56 1793.25
1683.49 1683.06
1691.38 1716.34
1060.47 1056.36
1324.64 1320.74
1116.8 1172.69
1432.75 1446.60
704.94 673.88
1699.9 1707.02
1967.87 1971.46
1747.22 1748.56
1952.8 1960.60
1776.48 1822.81
1625.46 1649.41
1810.37 1728.28
1376.04 1375.82
406.7 406.52
1972.88 1876.85
1575.87 1604.89
1522.45 1524.85
1403.48 1407.79
683.1 682.85
1588.8 1583.38
852.02 873.91
1633.26 1636.28
1459.63 1460.76
1950.3 1946.85
1500.28 1494.25
1666.52 1552.2
752.69 735.73
1714.8 1741.74
1889.71 1864.07
1179.09 1186.48
1450.67 1451.90
1419.88 1403.37
2337.73 2047.88
1629.92 1627.84
1142.89 1127.01
639.73 699.95
1375.88 1370.17
713.71 713.70
1487.93 1445.03
1443.02 1434.75
1915.79 1875.17
499.26 499.24
1759.33 1837.70
1587.21 1608.79
2079.14 1855.74
837.8 823.59
1437.95 1479.76
1033.44 1033.26
1682.1 1607.45
1715.29 1735.53
1338.3 1333.54
1317.33 1354.42
616.24 619.67
1183.74 1171.58
1392.1 1392.03
1686.98 1685.34
1556.78 1566.88
1419.48 1421.60
568.17 567.46
1336.74 1337.30
589.11 587.59
862.61 924.92
459.21 459.16
678.74 651.2
1645.06 1676.34
1765.67 1696.13
2000.39 1875.72
1528.91 1525.80
1360.76 1357.19
1676.48 1593.22
1858.36 1836.22
1797.14 1824.68
1580.95 1593.89
667.98 708.33
1438.41 1437.92
1997.52 1876.00
609.73 597.35
1632.42 1564.32
1344.17 1344.18
1288.31 1280.56
1944.62 1797.68
1753.84 1806.23
1466.95 1454.56
1619 1604.64
1399.39 1433.87
1394.55 1399.69
695.66 770.49
631.5 631.67
1572.91 1572.90
966.26 1000.20
1492.02 1494.04
1377.35 1368.80
804.96 777.60
572.73 563.02
873.97 871.33
1472.53 1438.99
1960.92 1763.52
1542.4 1568.27
516.69 518.77
1208.82 1189.00
1277.26 1348.50
1475.4 1442.41
482.65 530.80
1058.5 1057.87
1256.92 1245.82
1785.53 1676.52
1395.03 1456.32
1518.93 1515.92
860.32 847.30
1503.98 1483.44
1513.28 1564.48
1839.05 1817.53
917.79 961.81
500.92 512.72
1506.38 1504.28
1556.68 1603.83
1496.46 1555.2
1961.96 1763.16
780.15 795.22
1158.68 1098.38
1386.33 1386.51
2124.16 1831.43
1523.26 1493.53
1168.72 1208.00
1467.52 1509.21
1794.57 1806.33
1770.37 1759.33
1755.05 1760.78
1732.46 1669.96
1555.48 1555.44
718.71 716.35
594.93 597.19
1899.69 1925.89
2159.33 2063.22
1284.51 1285.83
1372.31 1368.69
1202.69 1233.93
1561.2 1542.6
1722.49 1696.89
1228.94 1227.31
1536.6 1482.17
1716.13 1725.26
1081.05 1081.66
1203.93 1196.38
1110.55 1110.4
1905.5 1918.84
1167.78 1167.63
1917.57 1851.57
1758.03 1769.59
1444.13 1458.47
1309.85 1432.66
1539 1521.32
431.17 464.99
1791.96 1716.65
950.24 903.38
718.3 785.36
1624.58 1605.35
446.94 1309.61
1699.94 1726.69
946.39 886.53
802.95 846.09
546.04 545.78
