364.52
126.07
129.05
203.53
380.03
158.35
320.13
199.48
418.92
370.43
356.19
366.24
205.76
429.18
195.10
117.16
179.07
120.66
234.32
325.57
573.51
1444.32
878.41
1003.15
1629.53
645.85
1091.46
1624.00
1238.72
1592.29
1041.42
1003.08
1478.53
786.53
989.59
684.32
1318.37
752.69
1467.86
1173.50
1758.26
1803.47
1009.12
904.35
1617.77
1522.49
1561.88
1827.07
1911.75
1601.86
1745.64
1881.4
1640.40
1856.97
1406.71
1508.91
1058.59
1512.49
1081.88
1752.24
1319.67
715.36
1242.4
791.02
1509.81
1227.52
744.75
1382.07
1245.97
998.83
907.71
1047.47
1508.24
1126.40
539.20
637.96
1827.04
1052.73
965.07
1459.13
1011.84
1023.68
295.84
439.94
918.57
548.86
901.47
403.01
502.40
1014.23
699.99
843.31
763.95
284.87
637.80
301.38
1152.42
607.27
749.80
316.11
771.03
724.20
986.49
654.93
364.98
671.57
958.28
787.28
736.08
646.93
795.96
654.98
831.55
1512.97
1388.65
1517.82
1444.34
835.38
824.61
1014.37
1021.25
1491.51
841.96
832.59
1400.92
835.83
839.24
1038.68
1471.05
664.63
1797.26
1772.62
1903.23
2020.13
1858.33
1782.47
1779.11
1850.48
1828.61
1780.55
1814.13
1901.06
1775.39
1881.12
1892.76
1848.94
1787.87
1801.83
1904.93
1762.69
1726.41
1317.11
1445.77
1798.33
1171.46
1462.1
1425.11
1773.63
1353.42
800.23
863.93
1856.99
1349.85
1727.47
1707.14
1273.60
951.30
1806.23
1496.91
1435.21
821.93
1496.40
218.45
851.76
1402.73
1517.28
1440.52
1517.60
1092.71
968.72
1742.10
1988.00
1341.51
841.73
1476.83
1604.29
1789.43
1814.43
1520.97
954.38
522.26
1532.88
1714.09
1553.90
1493.29
1273.35
1634.92
1551.60
1220.64
1649.85
1736.73
570.80
1386.78
1327.07
399.83
1712.17
1615.51
1604.41
1883.65
1614.45
1729.49
1111.86
1982.01
1797.21
1853.44
1741.22
529.57
1340.14
1592.63
1522.72
1501.52
1746.25
1516.04
1587.64
876.93
1469.49
897.57
793.26
746.64
1676.92
1596.02
1580.91
1825.13
1685.86
1556.37
1634.51
880.51
1605.61
1305.26
1510.88
1436.63
1918.16
970.57
1352.29
1690.62
1497.54
1207.07
1867.73
811.40
1768.50
1885.81
1726.49
1462.1
1880.58
333.18
1546.22
1640.81
1604.64
1084.47
1217.76
1635.51
2038.29
1515.01
1120.76
1853.45
1797.72
1310.64
1149.60
1839.12
1140.48
1697.62
392.9
940.14
832.78
832.65
1689.66
616.96
1732.50
896.66
1781.20
1808.41
558.43
1160.62
1564.27
1815.29
1435.39
1792.20
1695.37
1611.66
1529.80
1171.86
783.06
1928.48
1000.39
1705.37
1261.39
902.15
1869.24
1038.29
1064.77
225.06
592.32
1196.72
1954.37
1400.74
509.55
950.32
1280.69
1854.73
1738.37
1622.89
709.28
1843.96
1515.40
1534.20
1696.31
1517.52
1874.31
1609.95
1940.48
1875.07
1603.65
1461.44
1980.52
1307.92
1249.31
1992.35
1421.89
861.83
1767.53
1747.35
1341.72
1869.66
1884.49
1992.55
1899.08
1702.00
1550.44
996.89
1539.73
1545.03
969.14
1268.45
1421.58
1717.79
1604.06
874.31
1374.67
1175.84
621.35
1764.86
1133.76
1506.39
1161.68
1769.98
1944.93
1314.58
1000.05
1827.08
1516.57
1577.98
1694.31
605.82
1520.16
1741.80
1894.82
1747.23
1782.74
1690.68
1296.91
767.25
1945.31
1270.07
1683.90
1802.61
1072.94
1401.02
1730.64
980.84
1634.99
1601.61
1323.32
1068.04
1836.03
2019.68
1512.00
1685.24
1279.78
1047.22
1418.70
1101.63
1700.51
1360.04
1117.63
1353.18
1783.06
1312.19
1504.81
1461.00
1734.03
1994.08
1873.57
619.55
1968.98
1690.38
728.28
1786.10
1749.45
1851.77
1791.89
1822.18
1485.55
909.31
1665.77
1229.48
1479.04
962.96
1722.37
1683.80
1296.03
682.48
1693.28
811.76
1522.32
1101.08
1606.41
947.77
1671.53
1878.17
747.78
1099.99
2047.44
1849.74
909.83
1564.92
287.99
1483.03
1532.51
1237.46
1240.83
1568.71
1497.88
630.34
1018.21
1775.65
437.33
1697.15
1503.24
1623.44
1654.12
1800.89
1179.20
678.71
1348.96
1178.90
1399.56
1231.01
1817.94
851.61
1688.35
491.63
1596.11
1736.64
1606.49
1453.13
1478.73
1707.6
1330.92
1336.28
454.34
1617.04
770.09
650.08
1831.36
1541.62
1906.74
1894.29
1827.24
1342.28
1291.66
1787.30
1574.93
1483.34
1745.27
1109.36
1471.42
1806.49
1922.83
1735.15
1703.69
1789.03
1418.95
1607.41
1875.93
1663.54
1411.94
1477.85
749.49
973.94
1822.14
450.57
789.85
1404.57
966.65
1535.01
1499.34
944.55
1865.61
1400.13
636.47
1757.10
1376.29
2009.74
1810.36
1518.11
1370.26
1152.65
1643.82
542.32
1448.61
1546.10
1158.00
1476.68
1719.34
1853.57
1783.55
1359.85
1245.78
2012.10
1503.41
1651.60
1466.34
536.08
1607.54
1207.38
1540.38
961.95
1502.70
1549.49
1589.52
1189.36
1236.76
1694.82
1518.61
1778.03
1115.68
454.18
1513.51
426.22
1829.33
1306.21
710.16
1772.98
1508.30
1602.85
1793.19
805.66
1712.95
1853.94
1387.61
911.59
929.02
1539.69
1164.54
2035.44
1770.53
1387.50
1270.22
1398.93
1526.63
1695.54
1774.79
1143.31
743.98
432.60
1462.82
1505.16
532.17
1379.15
1786.28
1145.07
292.06
1744.74
1927.94
1256.35
1895.98
1473.47
1368.34
1629.62
2024.78
1457.31
1937.34
1764.21
656.48
1310.60
1997.75
604.67
1595.66
1371.72
1337.45
1204.27
1926.29
1446.44
1579.11
1829.32
1631.04
1881.89
1310.26
1359.58
1734.03
1421.54
1842.95
1952.27
1527.24
1283.57
1693.28
1828.38
1269.02
1609.06
1567.32
1302.48
788.98
1786.26
996.39
1366.61
1168.04
1598.35
1796.61
1357.68
1195.12
1493.32
1151.44
865.98
1526.07
1815.70
1882.80
1267.1
1196.88
1459.08
1473.63
1063.01
614.07
1917.05
786.54
1879.85
1304.37
380.15
2085.77
1404.17
1802.28
1154.42
1567.13
1810.34
1662.68
1480.66
1796.39
1882.47
1440.17
1721.17
1409.91
783.12
1225.16
641.25
345.21
1182.01
1532.03
1514.63
1484.18
1961.37
1576.86
1480.97
1010.45
1342.07
1687.92
1819.02
1162.19
1709.97
709.81
655.24
781.22
1839.30
883.02
1712.10
1638.49
1229.85
1829.99
1798.8
1017.93
1724.00
838.55
1424.81
698.96
1778.55
1408.67
2088.28
1802.09
1659.58
647.67
1984.72
1311.32
1586.42
1438.56
1493.17
1482.80
1569.38
1285.54
183.29
1136.49
1760.78
1705.09
1588.10
1913.48
1454.57
1184.45
1427.87
1624.20
1021.00
1060.63
1225.57
1162.27
1424.01
1318.67
1607.97
1609.74
1448.71
1546.82
1824.70
1283.91
1361.40
1743.32
1319.44
737.62
1778.65
1205.23
1499.02
1686.72
932.06
966.17
1549.44
1770.68
1649.30
1879.67
1696.91
1695.16
1467.54
1514.03
1860.64
782.99
1440.46
1817.31
2030.05
992.06
951.50
1811.25
1230.69
1676.65
1067.62
569.14
570.71
788.06
1676.15
755.02
1834.70
1569.34
1587.53
1624.21
1299.68
1533.54
1724.13
1116.31
990.89
1829.01
1483.38
1701.98
1644.68
921.53
1541.60
1775.30
1216.88
1353.66
1580.84
1536.97
1025.91
1816.56
1516.47
1415.97
666.18
1882.31
1136.9
1630.79
820.34
1248.39
1925.66
1611.98
806.35
1019.10
1607.22
1844.34
1438.5
1539.00
1514.52
1745.6
850.31
1747.16
1221.54
1907.45
1607.97
1303.62
1625.83
1789.21
1190.45
1707.36
1605.27
1868.54
720.24
1562.56
1581.42
1849.95
1926.21
1202.80
1089.67
1729.80
1480.76
1311.04
1147.45
411.60
1271.99
976.71
1495.88
1770.69
1073.96
546.46
1453.19
1650.71
1517.36
1793.25
1683.06
1716.34
1056.36
1320.74
1172.69
1446.60
673.88
1707.02
1971.46
1748.56
1960.60
1822.81
1649.41
1728.28
1375.82
406.52
1876.85
1604.89
1524.85
1407.79
682.85
1583.38
873.91
1636.28
1460.76
1946.85
1494.25
1552.2
735.73
1741.74
1864.07
1186.48
1451.90
1403.37
2047.88
1627.84
1127.01
699.95
1370.17
713.70
1445.03
1434.75
1875.17
499.24
1837.70
1608.79
1855.74
823.59
1479.76
1033.26
1607.45
1735.53
1333.54
1354.42
619.67
1171.58
1392.03
1685.34
1566.88
1421.60
567.46
1337.30
587.59
924.92
459.16
651.2
1676.34
1696.13
1875.72
1525.80
1357.19
1593.22
1836.22
1824.68
1593.89
708.33
1437.92
1876.00
597.35
1564.32
1344.18
1280.56
1797.68
1806.23
1454.56
1604.64
1433.87
1399.69
770.49
631.67
1572.90
1000.20
1494.04
1368.80
777.60
563.02
871.33
1438.99
1763.52
1568.27
518.77
1189.00
1348.50
1442.41
530.80
1057.87
1245.82
1676.52
1456.32
1515.92
847.30
1483.44
1564.48
1817.53
961.81
512.72
1504.28
1603.83
1555.2
1763.16
795.22
1098.38
1386.51
1831.43
1493.53
1208.00
1509.21
1806.33
1759.33
1760.78
1669.96
1555.44
716.35
597.19
1925.89
2063.22
1285.83
1368.69
1233.93
1542.6
1696.89
1227.31
1482.17
1725.26
1081.66
1196.38
1110.4
1918.84
1167.63
1851.57
1769.59
1458.47
1432.66
1521.32
464.99
1716.65
903.38
785.36
1605.35
1309.61
1726.69
886.53
846.09
545.78
