413.22
122.27
429.95
169.32
424.17
134.11
435.70
220.78
220.39
279.63
192.21
175.06
251.61
392.69
257.40
432.65
406.23
319.45
416.52
385.08
322.61
136.50
194.86
198.83
397.03
218.77
197.86
235.76
151.95
414.42
284.12
312.55
288.89
170.48
218.56
220.58
336.25
133.18
361.30
319.20
148.37
214.17
249.66
275.41
143.42
172.59
414.97
182.36
272.59
277.55
379.31
336.77
182.14
400.41
335.88
349.02
389.23
276.93
142.41
400.34
115.81
231.03
315.72
195.88
393.00
327.19
294.82
403.20
423.39
400.02
290.46
284.87
132.71
407.02
231.42
378.81
130.24
329.65
322.51
206.81
227.09
195.06
258.43
130.75
274.41
390.72
146.35
243.55
206.68
316.71
223.68
323.44
384.25
185.07
331.53
299.58
353.07
212.99
278.83
324.34
832.63
1555.16
855.76
1708.38
1244.87
616.87
1476.20
1526.69
812.70
1502.71
775.73
1546.04
1426.87
1613.69
1592.03
1515.45
809.57
768.11
1287.44
775.16
1688.46
1629.10
913.98
1273.98
782.2
1669.56
820.03
812.95
608.33
835.86
1555.19
1024.27
1091.79
925.95
1476.31
783.52
1133.40
1354.70
1508.37
871.99
748.40
1020.96
1092.13
908.65
1025.79
1387.84
1628.46
1575.81
918.18
1506.92
921.24
1569.97
1054.2
1552.98
1401.61
945.73
1365.74
1275.51
799.02
771.96
1408.23
586.90
1184.72
926.90
1537.59
1326.48
769.99
743.93
1714.96
447.52
779.03
962.62
845.69
1302.76
1386.01
1461.21
1588.77
768.29
710.64
860.86
1554.64
1400.94
1006.23
1712.37
1070.71
1117.7
812.30
926.90
929.21
1518.53
1589.09
1244.09
941.56
575.50
500.07
1229.73
990.94
702.34
719.96
936.17
1878.96
1573.27
1546.92
969.71
1559.43
1992.81
1086.14
945.37
1180.35
1634.16
1598.66
1315.26
1564.73
1082.14
1751.15
1724.17
1539.16
1131
1762.09
1482.90
1051.39
1375.99
1924.73
1697.65
1690.62
1407.26
1340.47
1781.64
1085.39
1656.27
647.03
1571.62
1078.84
1607.16
1044.52
1757.64
1155.9
1617.79
1634.07
1609.44
1113.91
1551.23
774.74
1618.29
1702.75
1837.54
1949.09
1782.81
1613.27
1839.09
1279.02
1195.77
1869.43
1569.38
1850.91
1046.61
1538.74
915.41
1461.53
1231.81
1515.96
1685.50
1837.42
1258.98
1538.62
1759.81
1658.63
1210.94
1536.29
1886.57
1668.75
1766.91
1519.69
1179.53
931.50
916.69
1825.38
1492.38
1604.98
952.12
1932.98
1149.94
1539.86
1944.76
1540.11
1782.10
1825.06
1093.98
1691.01
1131.57
1859.47
1796.79
1960.75
1907.56
1050.98
1503.28
931.82
1849.21
1650.98
1659.22
1477.77
1056.55
1358.33
826.73
1449.18
836.97
1053.22
1494.31
1380.23
1577.79
1045.04
1348.59
1103.83
1301.66
1327.33
926.93
1069.48
701.98
1148.9
1083.03
1483.52
897.14
752.32
1465.59
1535.40
1128.13
1260.32
1645.62
1264.45
920.11
604.47
642.79
625.29
1846.27
1381.39
788.91
689.98
671.92
1042.14
1053.12
698.57
910.85
1287.03
1485.96
1018.52
1135.61
1313.93
620.64
1050.95
1205.70
1828.3
992.83
635.60
1205.85
658.53
745.11
1367.35
1405.00
643.82
693.97
778.08
1189.88
1843.99
1406.22
617.55
1643.71
1442.53
936.18
742.51
1153.53
1047.72
1148.30
1404.10
1370.98
1364.76
1109.64
1413.55
656.14
757.60
1255.79
746.96
1032.03
1350.86
565.42
1147.11
719.29
1844.91
529.46
885.31
1351.93
637.54
1031.15
733.27
1387.52
1777.47
1091.37
1466.47
793.15
1097.50
1649.35
962.75
829.94
897.23
1077.06
821.78
537.71
955.81
942.10
538.99
1140.69
642.57
1166.85
772.92
956.89
711.25
591.41
1241.81
540.73
1486.86
551.27
1114.29
503.67
851.12
940.55
710.84
794.04
1283.22
821.77
468.40
1413.08
498.07
753.71
1061.25
1060.72
600.81
1530.99
935.36
850.72
703.18
1134.16
1032.27
927.61
555.77
668.46
568.59
1059.42
598.06
991.83
1176.10
643.94
295.42
298.48
327.21
699.47
1218.73
589.27
857.02
837.50
435.64
845.57
817.22
787.40
929.99
772.23
1132.39
560.68
855.52
1171.28
1211.61
325.28
774.68
937.17
1184.07
1078.97
746.20
827.07
1155.54
1062.37
853.34
415.27
594.22
743.97
327.97
335.14
774.52
636.97
1137.96
904.69
746.89
1053.61
549.73
599.00
437.29
781.16
357.47
327.32
1161.36
886.55
833.66
814.44
1084.10
907.29
619.75
312.88
1103.60
274.16
818.23
598.14
950.03
637.82
900.31
718.85
607.39
436.15
317.72
783.36
756.72
1163.26
913.4
447.72
990.80
818.63
1210.96
438.53
641.37
541.76
630.48
818.56
820.12
419.91
607.55
1000.95
766.63
636.59
307.26
842.87
953.77
333.04
1132.97
637.5
894.98
1104.75
856.78
295.78
532.28
428.59
1191.22
1091.70
424.61
820.46
1500.56
1173.95
1391.38
1444.27
1304.18
512.85
683.97
761.23
1067.16
1464.37
724.13
1434.93
889.56
668.50
1480.82
692.63
755.37
583.63
916.39
1380.62
610.29
633.99
864.38
1506.66
1333.29
690.33
1479.36
686.93
1272.8
657.22
648.17
1137.95
606.60
585.63
738.07
1520.90
1307.59
934.23
1091.13
1249.06
1499.42
887.31
1086.20
1509.85
724.69
1490.04
1436.04
1211.26
876.47
1381.85
1449.35
745.93
1558.42
1422.40
583.47
1468.33
842.63
619.86
830.3
1520.48
864.12
1079.94
1279.86
1533.05
1481.23
810.57
1087.65
1394.87
1445.87
668.26
1528.28
492.79
1425.42
489.23
865.26
1385.78
1275.67
744.42
1500.24
1029.40
886.11
679.35
713.51
1516.77
875.19
676.22
1526.63
1439.30
780.58
1545.68
551.53
1035.32
689.99
1008.52
942.38
1168.52
649.77
1267.96
1445.20
777.76
1865.00
1876.73
1955.94
1880.3
1827.64
1900.56
1949.93
1888.45
1996.31
1846.85
1880.72
1891.87
1783.99
1865.07
1852.15
1887.27
1774.18
1940.96
1806.20
1830.62
1790.05
1785.70
1924.78
1837.72
1970.16
1842.09
1849.84
1987.40
1771.84
1913.17
1822.15
1846.70
1875.47
1863.39
1956.06
1765.60
1778.41
1897.78
1884.14
1778.04
1804.61
1928.96
1869.04
1827.21
1772.57
1871.70
1797.53
1763.32
2012.37
2025.18
1814.39
1860.33
1863.31
1839.15
1925.80
1806.09
1850.37
2008.82
1823.37
1878.85
1825.02
1795.22
1831.05
1832.20
1848.18
1828.56
1894.31
1834.03
1910.65
1787.31
2036.15
1869.22
1810.89
1868.75
1839.07
2002.54
1794.39
1902.83
1891.06
1832.91
1856.79
1857.48
1803.04
1884.34
1905.40
1893.07
1868.72
1812.99
1835.8
1956.71
1803.64
1864.77
1966.19
1788.62
1948.61
1768.99
1879.27
2020.31
1795.19
1827.93
1329.61
1193.30
961.12
1836.64
1490.46
770.64
1256.56
1308.31
648.50
1182.18
2031.82
1517.23
1822.7
1761.22
1523.49
1963.25
1730.34
1786.26
1773.65
1391.48
1408.44
2018.59
1738.48
1849.80
1406.47
1456.56
1587.96
841.89
1915.75
1513.75
1709.10
1566.20
1777.84
1087.45
1517.92
1956.54
607.52
1849.66
1653.08
385.19
1874.52
1873.54
1160.27
694.34
1329.36
1714.99
1872.77
717.04
1627.77
1439.74
1510.51
1440.50
1201.00
1981.11
1564.00
1035.12
1581.39
1865.14
1369.63
1876.22
1261.83
1059.13
755.58
184.48
1331.41
1245.03
1174.65
1938.35
1332.64
836.34
1525.42
1378.14
1381.47
490.78
1525.01
1572.51
1505.42
1696.33
754.78
1613.64
1250.95
965.95
1483.03
1822.49
637.26
1620.80
1488.69
1692.76
1023.16
1753.84
2037.57
910.15
1350.60
1367.74
1484.53
1695.50
1810.83
1319.84
1111.54
1184.38
1458.71
1823.81
1581.66
1770.13
1848.14
1783.69
1822.93
1808.63
1320.46
1682.69
1388.26
1279.41
1136.24
1465.66
1424.07
1242.07
1478.38
1440.49
1313.87
1597.45
914.06
1526.30
1765.97
1218.24
1230.70
2090.60
1153.18
1711.34
1545.96
1868.80
494.11
1380.07
1343.11
1099.59
631.21
1463.20
1121.09
1157.85
1749.19
1264.51
885.68
1354.01
792.45
1860.76
1062.57
1919.10
1868.46
1209.51
876.21
1756.27
1647.69
1558.79
1873.86
2068.98
1474.53
765.80
1611.61
723.23
1196.43
1785.89
1828.94
733.99
667.30
1362.11
1569.52
1137.09
775.43
1684.20
1465.06
1931.96
1775.60
1894.33
1006.56
1779.74
1382.47
1435.39
1684.53
1922.11
1610.65
1707.53
961.67
1816.03
1848.08
1528.31
1601.86
1440.69
574.43
1114.27
760.55
1457.90
1950.96
1813.10
1337.73
1502.95
1131.90
1525.39
1708.75
1758.10
1298.30
1645.51
1485.30
1422.22
1870.27
1550.31
1099.84
1608.98
1360.59
1514.48
1607.06
1960.15
1484.81
1559.00
1709.22
1496.78
1650.00
2093.75
1795.73
2003.3
1523.53
1013.93
1125.96
1972.16
1854.48
1876.01
1361.50
1656.78
922.61
540.54
1406.21
1635.72
1208.06
1052.15
1212.04
1805.31
1896.09
1576.57
1716.46
1959.08
1987.89
1785.56
1539.24
1605.34
1792.86
1525.01
1970.11
1493.13
1315.23
1823.36
1736.73
1836.85
645.47
712.08
1928.85
1534.20
1736.04
1980.22
1611.06
1928.13
1595.20
1984.71
1325.23
1749.74
817.78
1544.84
1603.38
1707.53
1391.01
1502.40
1045.39
1815.10
1671.08
741.73
1564.82
1769.98
727.57
1237.15
1651.60
1832.74
1835.16
1475.86
1055.88
1040.49
994.63
1481.01
1407.84
794.67
1777.72
1108.69
1077.31
1737.94
1527.06
1022.33
1797.82
1212.38
1134.03
1594.50
617.39
1277.05
1135.65
1701.48
725.07
1298.03
1047.67
1920.71
1454.56
1470.67
1753.09
1700.83
920.34
1823.91
1731.04
1056.88
1164.34
1605.72
1605.26
1226.74
1744.78
1786.28
1684.83
1628.53
1463.8
1751.96
757.56
1326.25
1357.17
1599.69
1157.57
1582.53
1820.88
964.2
1481.26
1261.83
1872.35
1613.6
1302.25
645.81
1117.34
1923.69
1669.62
916.5
1801.74
1486.17
1216.97
1709.88
1489.25
1439.95
525.27
1016.02
1771.90
1680.84
960.32
999.97
1843.44
1118.44
1351.06
1727.8
1655.14
1472.38
845.96
1769.47
1602.15
1776.82
1801.18
1424.55
1517.41
1577.11
1884.97
817.19
1701.37
1666.79
1534.16
1373.94
1806.49
881.12
1642.80
1396.04
1836.87
1864.55
1564.42
1616.10
1478.74
1831.79
1700.00
993.69
1065.37
1260.72
1358.94
1492.29
1735.89
2015.35
1502.37
1250.92
1305.54
1137.47
1515.58
1131.50
1912.62
1689.77
1718.64
1267.2
1662.17
1649.23
275.62
2003.53
1379.60
1665.08
1610.36
1749.65
1827.67
967.70
644.23
1226.85
686.95
1774.32
1737.09
1874.69
481.18
1403.28
1696.38
1565.20
1562.49
1474.48
1199.87
1755.80
1052.60
1668.08
1702.93
1487.36
1874.3
1696.49
733.11
1602.43
608.73
1620.58
1727.67
1792.08
854.46
1480.72
1196.36
971.59
1655.01
883.62
1665.06
1668.03
1651.34
1955.76
1770.31
1481.89
1220.24
1150.33
1720.05
1258.7
1570.34
1312.86
807.26
1146.46
1375.66
1024.86
1797.72
1388.25
2004.22
505.97
1819.34
1441.45
1834.00
1680.11
401.72
790.52
1750.43
634.69
1070.61
1532.46
1501.47
1715.09
1357.75
1780.23
1355.32
1735.38
802.65
1489.45
1533.79
1189.01
1487.36
1586.61
1616.32
469.88
1181.06
792.44
1440.86
1542.83
1060.69
1215.41
946.59
1101.18
1118.87
1550.38
1899.43
1925.95
1861.68
1350.86
1925.98
1772.87
1058.58
1222.4
843.10
1105.21
1510.63
1189.72
1810.64
1737.13
1510.20
869.41
1635.25
1161.19
1675.65
1731.95
1922.30
1256.45
1838.72
855.77
1543.90
1261.83
1052.14
1725.33
1403.33
1650.83
1738.40
898.84
1239.94
1537.41
686.07
1604.87
1390.71
873.24
1769.89
1515.34
2066.77
1192.91
500.00
1133.79
1514.77
1855.53
1763.33
1712.55
1336.63
1427.01
1609.63
1642.12
1434.97
1461.54
1903.95
1379.60
1602.17
1432.75
1650.77
1834.20
1826.93
1779.7
1275.52
1129.81
1121.42
1462.60
1568.84
966.39
1799.79
1575.59
821.13
1550.98
1931.77
1499.76
1190.93
970.96
1520.73
1188.83
830.81
1356.92
1021.63
1456.53
1212.08
1253.73
1604.58
971.04
1318.49
1244.65
1145.86
1520.64
1628.02
793.13
1713.12
1195.76
495.00
1428.84
971.71
1433.20
1164.46
1647.44
1242.83
1440.85
1390.15
1722.28
1090.45
1580.52
1197.12
1608.72
1916.05
2023.18
1693.12
1298.52
641.22
1832.58
1570.67
1469.96
1404.39
1612.58
1831.38
1515.81
1495.07
1500.97
1079.44
1987.21
1817.47
1921.35
1118.01
1404.04
1490.41
1647.78
1468.53
764.15
1824.37
1496.11
1798.07
1402.87
877.20
1706.08
1769.02
1407.84
1898.19
1508.67
1534.46
677.44
1503.86
2001.42
1457.57
1527.75
1900.84
1724.53
1500.46
1846.97
1500.17
1517.48
1539.46
1530.41
1622.13
2102.26
914.32
769.51
1747.93
1496.93
1216.34
386.27
1395.00
787.08
979.73
1859.00
985.11
1512.31
1716.3
1757.09
1438.88
1841.81
1467.13
1084.61
1513.71
1895.97
1542.07
1620.82
1602.25
1392.08
997.14
1587.95
1512.17
1269.67
1487.42
1673.14
1584.56
1230.95
1705.69
1469.12
1606.58
1791.28
1255.73
1893.25
1504.22
1787.81
1059.60
1891.17
1706.55
1959.51
1334.69
1078.29
1910.56
1815.04
1516.13
1027.57
1446.08
1833.92
1521.24
1639.02
1356.69
433.37
1640.48
1050.61
1367.71
1327.46
2039.37
1319.84
1439.88
1653.68
1150.62
639.34
1334.21
1521.67
1410.57
1537.36
1007.83
1081.93
1477.60
1481.31
1475.17
1415.42
1887.29
1491.38
1179.38
875.02
1483.37
1778.41
1606.86
1440.39
1479.76
753.1
1483.29
1014.27
861.17
1319.43
1573.32
1580.09
1801.95
1253.33
1730.39
937.64
1590.09
1846.69
1113.48
1916.47
1208.73
1858.94
712.25
587.97
1499.96
1084.63
1792.20
1267.08
1829.82
1626.20
1505.67
1606.04
1213.52
926.59
1799.88
1726.4
565.11
1205.2
838.45
1127.97
878.84
1488.00
1469.77
1542.6
1929.50
634.45
885.41
619.38
1432.14
1086.71
1537.22
1021.69
2081.96
1577.65
296.48
1521.18
1259.65
670.83
1176.18
1444.33
901.81
1741.50
1794.89
1709.86
936.09
441.45
1494.31
1247.01
1513
1563.75
1166.96
1587.74
434.24
625.58
1698.65
1707.45
763.17
940.13
1194.16
1464.57
1500.56
1372.11
1738.94
433.32
1341.72
864.57
1541.67
1690.25
1788.02
1677.54
1474.94
1825.93
1435.87
1926.23
1219.78
1606.49
885.16
1496.40
1335.53
831.08
1567.66
1609.85
1630.14
1694.46
1420.49
1674.53
1483.08
1126.85
1332.28
1273.38
890.77
1718.40
1595.56
1525.62
1472.75
1983.23
1828.31
1763.47
449.48
1160.19
1268.96
1982.71
1587.94
1093.60
1490.87
996.49
1870.40
1696.90
2083.78
1601.01
1525.09
1035.56
1936.89
1703.27
544.48
1294.91
902.91
1357.73
1548.46
1520.73
1479.77
1699.57
1460.11
1882.11
1388.17
1169.04
1500.56
1605.35
770.62
1502.28
1512.31
1048.34
619.27
846.50
1448.21
1069.22
1604.02
1035.77
1757.88
1733.94
695.21
1532.88
1481.52
1343.48
1396.81
1314.68
1742.53
1512.19
1879.22
2001.18
1854.13
1614.00
1400.04
1247.56
1480.94
1497.14
1711.48
1718.30
667.72
1814.70
1837.15
1791.00
1692.80
1343.24
1389.23
1150.74
1243.70
1760.83
761.05
288.10
905.96
569.65
1272.32
1010.93
905.09
657.63
866.50
1631.05
1410.21
560.41
1174.2
1718.52
901.47
1813.45
1847.03
1551.28
1688.9
392.92
1483.38
1485.38
978.01
1332.04
1486.11
1205.41
1889.56
1414.96
1543.00
689.73
2045.84
1247.11
1912.41
1170.23
1387.25
1324.42
1620.05
684.45
1412.08
480.45
1450.92
1719.17
1806.53
544.09
1748.59
726.78
1073.2
1023.3
1146.57
1696.38
1393.42
1518.06
1536.57
948.23
569.01
1250.97
1870.27
1852.96
1174.57
1927.04
1864.98
1641.63
1010.06
1546.14
1479.31
777.21
1617.24
1169.60
1784.29
1328.77
1503.28
1640.61
1486.45
1385.44
1692.60
1681.91
1629.74
1489.99
1214.82
1582.79
1780.64
1091.90
1691.73
1201.74
873.09
1703.01
1619.84
1914.69
996.75
1125.75
1233.07
1084.51
1818.44
1264.80
1901.00
602.68
1342.56
1478.39
1332.7
1499.50
1775.89
1951.80
1582.34
1248.92
1263.12
1733.40
1952.65
562.54
1858.89
763.49
1043.03
1772.11
977.59
1474.46
603.70
1832.49
1510.61
1897.35
1930.20
1246.55
1613.21
1518.03
1927.55
1603.38
1481.26
935.09
880.08
1603.18
910.79
1712.93
1431.5
1342.07
2026.05
1606.43
1610.07
1545.68
1148.11
1770.09
1712.14
1870.27
607.83
1013.71
1037.82
1445.07
1819.28
1722.20
1494.94
1854.68
1655.02
1495.00
1611.93
1717.23
1509.8
1845.64
1000.30
1430.98
1011.26
1723.64
1701.50
1725.54
632.71
1323.62
826.94
1205.89
1264.23
1223.32
489.02
1455.86
1393.93
1608.95
1179.19
817.97
1126.29
1607.76
691.81
707.72
1628.89
1731.93
1315.00
1742.23
1639.63
1724.65
1609.93
1669.49
1642.72
1365.72
1762.79
1579.29
1261.31
774.52
1092.89
1114.66
1499.20
610.43
1514.96
1869.13
1706.25
1406.08
1489.24
985.18
1726.09
1989.10
1493.54
1167.77
1779.88
1193.52
1389.33
1538.34
1589.42
1004.56
1174.45
1832.49
1700.49
1855.77
1421.48
1606.41
1747.21
1658.38
1896.80
1706.14
1643.85
1724.22
1356.84
1772.6
1412.99
1586.84
1319.68
1489.78
1529.09
1467.96
973.17
654.40
1696.00
1600.66
1195.22
1110.70
1140.58
1523.27
1346.2
586.74
727.72
1534.84
1705.53
1570.36
1499.73
1899.57
1910.11
1865.19
1182.24
1527.60
991.39
1365.69
1021.11
1820.19
699.90
1733.61
1145.46
1685.51
1786.15
1386.18
1596.48
1011.57
1502.56
1726.09
550.97
1399
1203.92
1495.93
1365.83
1592.32
795.99
1433.79
1584.98
245.11
737.26
1829.43
1545.47
930.21
1141.85
1746.96
617.49
682.21
1743.18
1711.26
1690.11
1797.68
1926.29
1262.44
1532.66
1284.98
1791.72
1647.92
1585.14
1620.42
1856.69
594.89
1763.31
1391.63
1609.87
1522.72
885.37
1241.86
1608.84
1497.31
823.93
1435.59
1856.80
1520.61
919.56
1516.88
1322.67
1651.22
1858.72
1807.99
601.25
277.56
899.82
1672.50
1741.80
1797.63
1605.74
1598.76
1782.77
1717.38
1718.18
584.70
1780.52
1808.18
1548.76
1747.41
1908.35
1481.08
1843.09
1500.52
1220.79
1498.72
916.24
1658.05
1511.06
1736.5
1212.14
1474.90
296.16
1863.33
1435.55
1422.59
498.29
907.79
1818.91
1538.06
1741.80
999.03
1823.91
1405.8
884.00
1881.62
1286.94
942.87
814.27
1245.00
1853.70
1867.01
1390.04
662.10
1200.67
1131.63
1046.38
1697.64
1214.21
1369.03
1311.51
1498.75
1518.35
1769.9
852.97
1456.06
1823.37
1604.96
431.93
1918.9
1486.02
2043.18
1811.53
877.61
1196.72
617.53
1692.37
1695.05
816.38
1110.64
1705.23
572.55
1142.47
901.46
1644.45
1517.92
2029.4
944.11
1219.18
1244.47
1555.41
1857.68
698.14
1862.04
1407.72
1481.51
652.72
1674.98
1514.48
1886.61
1778.21
760.52
1607.32
1191.68
1843.34
1413.62
1610.18
1696.00
728.45
1148.97
1007.98
971.47
1518.36
1498.81
1670.51
1483.03
1361.01
1547.05
1314.56
1433.4
1456.81
1959.18
1055.65
1844.54
1562.30
1690.81
1497.73
1063.99
1475.62
1929.43
1665.44
837.41
1584.46
1522.38
1974.23
1667.92
1675.37
1796.80
1445.84
1500.08
1607.06
1774.99
1154.49
1560.58
837.33
1726.35
1808.02
483.32
1628.20
1877.70
1876.96
1522.61
1413.16
786.80
1203.04
1811.09
1127.70
1713.80
1274.34
812.75
1528.61
1534.07
1430.95
1842.41
1239.37
393.9
850.00
1740.70
1888.57
1835.07
1663.12
1974.46
1335.54
1542.01
1715.60
1597.69
1354.08
1479.93
1467.16
1609.85
1010.95
1550.74
1529.98
1127.15
1026.74
698.98
1795.83
1262.31
1465.42
902.05
1141.31
1494.63
1585.34
1087.58
1308.01
1733.55
792.07
1863.21
964.54
791.25
1715.59
1099.17
1688.98
1863.91
1111.48
1797.82
1789.23
1830.69
736.67
430.84
940.60
1552.50
1805.11
586.45
1775.75
1775.30
1311.93
1630.21
902.81
728.11
1700.09
752.05
180.96
1320.47
1753.66
1620.09
1628.46
1854.6
1689.30
1906.94
1601.13
1444.89
1320.98
1688.63
958.08
1503.67
1480.57
1794.89
1229.02
1685.35
1212.8
1648.98
1600.66
1485.67
1453.18
1234.71
1887.29
1069.75
1782.88
2018.72
751.70
1840.71
188.83
1928.48
1327.81
1696.08
1771.74
1057.15
1831.54
1951.19
1613.69
1569.93
591.11
1499.83
1656.17
1578.50
1470.03
1782.04
1170.07
1887.06
1637.25
1326.82
285.89
1848.42
449.80
286.94
1288.32
904.36
1779.87
1789.20
1481.01
1811.44
1579.21
1486.75
1533.10
1154.04
797.66
1651.82
1208.46
1583.24
1465.85
1474.29
1726.70
1583.97
1523.42
686.07
1496.06
1473.34
1834.09
1062.17
664.92
1200.41
1144.77
1341.37
1039.22
1665.94
1596.46
1746.31
786.43
1812.06
802.17
1951.55
1895.76
1474.67
1231.12
1534.30
813.95
1798.68
1310.16
892.80
1649.85
1031.84
882.17
586.93
931.04
533.9
1843.99
1853.93
1616.60
1342.35
1140.39
519.84
1563.60
1713.65
1088.12
441.91
1612.11
1606.45
560.39
1362.20
720.40
1030.06
1156.32
1917.27
945.85
427.52
1238.94
1857.28
1520.96
1855.82
1879.85
1306.04
1674.47
1883.93
1258.06
901.47
1053.22
1702.57
1329.07
1609.45
1030.80
1561.54
2052.07
1643.41
1269.93
1838.17
1929.14
1309.65
1696.49
1510.26
966.87
1848.07
1394.07
1245.91
1523.39
1749.19
1516.57
525.45
1539.46
794.22
1055.52
240.6
1653.62
1820.38
1726.78
1162.42
1293.86
1714.06
1835.31
1662.25
1228.76
1460.69
633.89
1818.44
1796.44
1103.30
1778.69
1268.96
1713.99
1783.20
1616.38
659.66
941.19
1511.12
1841.78
1518.97
1240.41
1540.93
1401.75
1139.30
1806.23
1543.42
1799.12
1538.32
976.74
1765.78
1487.66
1638.43
1022.82
1537.22
1122.10
961.39
1462.05
1634.86
1519.75
1515.6
1855.72
1171.01
788.74
981.17
1750.13
1631.64
1684.36
1415.88
1282.01
1272.49
674.78
1883.45
1152.76
1948.60
1076.93
1613.27
583.23
1422.58
1242.64
1035.19
401.60
1696.13
1698.68
642.6
1150.55
1972.07
1830.75
1144.36
1799.30
1514.77
1568.01
1661.42
1502.28
2055.11
1013.27
633.59
1943.69
1606.55
1541.85
1857.30
2032.73
1495.80
1650.07
1604.34
1356.94
1165.34
1216.52
1269.87
1612.10
1501.85
1921.26
1511.43
1582.56
1640.71
1596.50
1304.26
1848.19
1098.17
1357.06
1437.49
1611.85
1953.68
596.66
1194.88
1376.41
1941.35
1760.96
1109.75
1857.79
1656.27
1655.85
1708.08
912.62
888.73
1771.27
310.34
1878.43
1883.20
1857.63
1722.28
1481.20
1510.61
1493.53
1800.05
288.01
1597.44
1170.07
1188.12
1853.57
1289.62
1309.23
1467.70
1587.41
1646.35
1513.69
1581.56
1474.74
1818.36
947.12
1379.61
1210.31
1188.01
657.15
697.64
931.65
1636.15
596.07
1518.96
845.67
1504.88
1830.04
1828.14
1511.43
1852.07
1489.91
1355.38
1638.26
1855.74
1148.49
559.00
1145.19
1694.88
1605.14
1830.94
1859.74
682.7
484.00
1726.96
1166.81
1814.16
930.11
1854.6
1087.56
1592.28
1185.32
1137.65
1342.65
1475.19
1857.79
1259.65
1915.46
1514.77
1352.84
1672.60
1676.73
1893.17
1706.98
1553.93
1385.15
1982.67
1172.14
800.16
1588.26
1245.05
1609.72
878.79
1292.06
1294.72
1655.85
1612.84
1869.30
1228.85
1472.37
1582.56
542.39
1661.65
1549.53
1841.04
1856.16
600.84
681.16
1645.89
1807.04
1189.8
1834.87
850.86
1136.66
1394.51
768.19
2061.51
1425.11
1111.39
1820.96
1841.75
1469.50
1009.51
864.19
1483.47
1569.84
1802.42
1508.41
1688.60
1588.19
1125.92
1826.77
1608.10
1452.47
1841.95
327.74
1715.96
1345.71
1692.40
622.46
710.06
1900.61
1805.95
1358.64
925.87
1544.05
1849.66
1696.17
1265.33
1662.54
1608.85
1228.47
1633.00
1605.32
1554.93
1077.10
1311.66
979.21
1797.61
1851.58
1534.86
1897.57
1991.47
1829.89
1512.74
1639.78
695.73
980.62
1514.07
782.45
1500.44
1434.47
1846.72
1133.10
1719.83
1610.51
1603.83
1723.94
1567.24
1806.14
564.16
1054.30
702.99
1449.14
754.70
1851.57
1662.69
2026.32
1610.76
1328.04
1064.21
426.52
939.27
1642.84
1470.99
1604.41
1008.92
975.36
1395.14
1313.85
1601.48
950.04
996.97
1586.37
1586.06
1819.97
863.30
1362.77
509.71
873.55
1711.1
1435.30
1795.80
1524.29
1602.56
1521.26
1825.20
1829.01
1097.99
1863.28
1510.16
1539.20
991.84
1500.19
1743.38
401.24
1827.76
1843.39
1132.86
1501.57
1002.89
1709.6
1196.88
1346.53
1491.95
1509.89
671.1
1702.22
1635.88
1630.21
956.71
1122.73
1879.44
651.38
1807.99
1880.14
929.30
1482.74
1916.91
1482.58
788.25
1746.79
1185.74
1271.81
1411.92
1767.93
969.49
1359.74
1913.72
1621.99
1210.63
1650.71
1672.30
1344.24
1125.03
1550.46
1208.44
806.75
1301.57
1453.88
402.86
1612.94
441.61
1520.92
1220.37
1723.8
1736.23
1788.82
1462.82
1542.74
426.71
923.62
1490.82
1831.60
1182.73
1598.09
1860.72
1563.76
1462.85
1543.19
1152.38
1569.00
433.49
2060.19
1409.83
1023.24
786.32
651.76
1846.73
1404.27
1458.42
1917.81
1809.48
1256.21
1601.52
1516.16
1054.31
1836.91
1650.67
1606.46
1563.03
1495.94
1944.60
1489.63
1716.32
1049.47
911.31
1715.38
1817.63
1408.67
1014.47
1922.04
1483.43
1679.40
1597.14
1619.23
1481.75
1187.36
1589.86
1329.36
1920.58
1230.13
1736.5
1714.36
1618.21
2031.27
1355.28
1481.23
1645.50
1605.22
1430.79
938.05
1087.11
1675.46
1478.13
1758.56
1585.14
1320.7
980.94
1143.65
1014.45
1862.03
1540.61
1234.28
1799.30
1383.78
1711.07
1920.99
1851.83
1600.95
1597.19
1642.12
1187.84
533.03
1657.39
1969.80
1785.99
1821.07
2072.83
1708.09
1793.74
1257.38
960.51
1288.13
1716.32
1569.11
1611.61
1222.37
1606.21
1606.2
832.63
1882.29
1435.87
1896.97
2055.51
1262.72
903.49
1569.56
1823.77
1796.73
1698.73
1022.93
1907.60
1836.58
1863.79
1386.80
1589.18
1904.88
399.43
686.30
1439.74
848.67
1350.01
1180.30
1796.89
1151.93
1129.35
1301.84
1227.68
1696.00
1671.15
1424.04
1218.20
1687.53
1588.26
1526.49
963.38
1917.58
1521.37
1487.18
1304.09
1499.52
1731.67
1291.59
1144.69
433.37
921.52
1558.76
898.41
1439.81
1607.27
1609.72
2034.09
1852.36
1757.03
1585.14
1689.55
1442.89
1855.13
1549.11
1595.16
1798.04
1899.66
1510.37
1748.59
1573.08
1534.20
1800.56
1137.35
1316.14
1994.29
2003.45
1512.18
988.69
1675.28
1954.52
1517.80
1635.63
1620.05
1918.78
985.2
1708.51
718.46
1241.46
1605.93
713.59
1552.82
1640.95
1850.06
1775.62
1711.48
1179.39
1129.08
1337.84
1897.09
1781.21
1506.99
1705.23
1319.01
964.06
1613.65
1253.05
1568.27
1299.49
1519.78
1779.90
1864.36
1955.59
1486.42
979.21
1874.3
1167.37
1640.48
1401.21
1696.82
1241.87
988.92
1228.07
1682.58
1491.84
1536.49
1078.45
1702
1606.75
1732.18
1933.82
1704.71
453.8
1378.15
1130.07
1401.85
2090.17
821.85
1604.64
1828.78
1148.00
1329.89
1843.67
1809.53
1593.91
1692.6
592.70
862.81
1274.2
1583.56
1568.03
1606.34
1599.33
1622.43
1518.23
1537.5
887.84
1640.46
1822.06
1898.94
1885.51
1765.72
1510.06
912.54
984.82
1652.55
981.81
1439.41
1509.97
1600.50
932.85
1657.09
1918.54
1010.72
1747.41
1026.41
957.69
1732.71
1272.06
1769.98
1829.13
1595.92
1007.36
1458.08
1010.16
1330.32
1640.31
1124.04
1601.86
1530.55
1046.73
905.11
1495.97
1038.4
1742.73
1285.44
1241.72
1666.71
1488.50
806.62
1182.96
1511.71
911.59
609.12
661.74
456.50
1377.65
1781.04
657.52
1600.97
1543.75
1677.46
1516.74
1791.74
1888.25
854.94
1440.9
2020.86
1576.48
1615.67
1341.72
1321.24
1707.99
1357.36
1286.21
1107.44
1563.90
1693.98
1481.75
1191.94
1664.44
780.08
1172.02
954.45
1606.46
1072.12
1456.84
889.69
958.45
1424.01
1022.44
926.90
398.48
1788.71
991.26
845.60
1853.86
810.42
1960.8
1388.50
1626.19
1805.97
1427.44
821.99
1777.36
1867.02
1810.64
727.93
1010.64
1020.66
1653.26
686.17
1508.98
1666.81
1497.31
1901.65
1094.21
1075.50
1694.81
1518.02
1947.15
1875.45
1498.52
1694.82
1718.46
693.46
1582.47
1074.48
1723.92
1049.84
301.29
807.16
1319.85
1756.53
1836.85
984.88
1520.86
1291.73
864.30
1403.17
1670.51
1534.46
1583.33
1857.28
742.71
1607.89
839.5
1833.39
1085.48
1293.80
1103.39
1957.00
1402.59
1319.95
1918.64
1648.52
1210.73
1838.14
1653.75
1448.86
1963.25
1714.27
1076.50
1510.20
1340.10
1651.14
1302.96
1713.03
1166.47
1613.29
1662.29
1892.42
1818.95
2017.96
1992.26
760.52
1495.73
1874.47
1552.53
725.43
738.27
1140.72
1970.38
1325.95
1448.22
1792.13
963.62
1612.09
1536.57
1728.14
537.58
944.22
1664.69
1708.82
981.64
1142.56
1887.68
1750.13
1704.06
1687.13
1237.66
552.18
1884.63
1477.84
1202.11
2038.19
1452.53
1777.02
1256.43
1606.75
1722.36
1840.87
1789.56
816.39
1584.76
1285.35
1568.33
1903.65
1449.45
1746.64
1322.83
1718.95
845.51
816.42
1189.27
1374.09
1805.09
1151.99
1849.19
1284.61
1462.16
1506.65
1378.56
1505.96
1252.65
1917.16
1837.76
1272.36
856.12
1086.28
1476.86
1997.91
906.51
1817.73
1336.79
2047.37
1488.62
1928.48
701.33
1582.27
1371.95
1104.40
1507.73
1161.13
1055.93
1604.91
1221.33
1753.84
1549.57
1468.75
1664.87
1476
1509.25
1362.11
2043.06
1517.84
1346.53
1094.32
1228.78
1799.09
1563.93
1569.54
805.36
1460.99
1817.53
1676.93
1825.34
1989.31
853.40
1550.46
1700.23
1607.84
1010.99
1850.85
617.46
1532.88
1596.09
1519.41
1242.53
830.51
1156.24
1743.75
1068.58
1579.99
1772.82
1514.90
1711.39
1242.85
1859.79
1596.96
1604.87
1757.67
421.22
1337.21
1109.80
1752.63
1774.69
486.88
1293.21
1355.89
1673.69
1882.39
1340.71
1823.70
1828.41
1049.30
1540.50
1913.39
1570.09
1584.35
1518.67
1246.97
1859.80
1439.95
1259.44
1401.22
1793.8
1383.55
703.79
1322.10
1872.44
913.33
1509.30
1599.64
1352.95
1488.90
886.30
791.31
1680.47
1673.05
1282.58
1136.6
1872.42
1522.91
1806.14
607.11
1542.17
827.02
1234.27
1325.90
862.35
841.49
1481.10
775.32
1846.80
1360.30
1271.14
1854.89
1339.93
1485.78
1611.23
1362.31
1309.28
1276.45
1420.40
1606.60
927.37
861.38
1043.72
563.04
1988.16
1701.89
1322.57
1282.34
438.01
1201.13
1434.97
1501.51
1220.87
2069.58
1289.90
1388.31
1571.54
1797.72
1741.82
1496.00
1682.81
1438.16
1781.44
1789.51
1480.52
1583.15
1564.09
749.63
1734.18
1252.01
1116.03
1876.22
1799.92
1812.98
1228.75
1645.62
881.38
870.08
1824.81
1284.01
1667.29
463.62
1449.15
1810.37
885.55
1604.77
1704.97
1896
244.01
1316.47
1920.01
1922.81
768.03
1306.87
1579.33
1872.49
1731.15
1932.98
1406.98
1530.15
804.71
1507.43
1067.48
719.01
1432.46
241.48
1791.72
700.29
742.1
1534.5
1325.48
2087.14
1293.34
1910.45
1894.14
883.87
1900.66
1620.75
1868.17
724.74
742.45
1617.95
1642.97
1610.41
624.00
1687.73
2076.11
1150.47
1168.27
684.48
1755.74
1822.23
1634.21
1973.18
1637.08
1524.27
613.04
1142.91
1711.82
1972.86
1728.15
1818.44
823.48
1613.21
1424.48
1942.19
1355.28
1369.77
1651.68
1685.79
742.31
1800.40
1294.21
1501.57
1797.97
1331.25
1362.84
1514.77
1926.19
790.34
905.00
1916.39
1746.82
602.94
1601.86
1553.61
1517.44
1778.36
1833.97
1378.16
961.95
1637.71
1511.40
1604.31
831.57
1480.8
959.55
1476.44
1355.67
1525.13
1893.91
1694.95
994.09
1669.5
1601.06
1202.39
1342.84
1843.95
1718.27
1649.71
1678.67
1533.56
1921.24
1658.97
1818.46
1799.79
1340.81
1326.54
1611.65
1224.28
1712.62
1731.68
1855.79
1515.95
1665.14
1873.96
567.68
1361.28
667.4
1723.37
1540.07
1596.50
1418.70
733.34
1390.8
1336.75
1442.41
1287.91
1781.50
1879.91
1267.76
1851.9
741.48
1582.25
1006.85
1611.14
1179.47
1167.54
1642.29
1456.57
1225.36
655.32
1467.87
1467.16
1489.9
1785.58
1699.87
1510.85
1763.40
1733.89
1526.35
1544.93
1383.50
1225.24
1510.36
1955.92
1015.03
979.65
1759.57
749.24
1817.28
1565.41
1521.96
1396.24
1732.04
1414.14
1857.04
1783.83
981.47
1779.03
1155.47
734.24
1361.01
896.80
1799.42
1879.67
1510.79
1483.03
1682.62
304.86
1685.41
1240.36
1176.27
1713.69
1121.65
782.44
1749.74
933.85
1292.02
1708.51
851.17
1503.64
656.96
693.51
1486.65
1785.16
1140.45
1629.95
1585.98
1162.27
1869.24
1660.76
1598.30
1644.47
1455.62
1378.79
785.75
1769.13
1788.78
738.04
746.02
967.22
1678.18
1829.89
1148.15
1952.70
1282.61
1185.32
1891.46
1359.35
1922.46
803.36
1399.63
1590.30
928.36
1820.97
1312.86
1146.46
1761.91
1345.60
1013.95
1774.89
1942.97
1544.78
1570.99
1220.26
1186.03
1395.37
1579.24
1314.07
1934.90
1613.57
1371.17
1217.67
869.75
1770.13
1511.42
1394.08
1439.81
1885.71
2066.33
708.60
1778.07
1676.96
822.48
283.04
1509.94
1411.36
1344.27
1099.33
766.41
1606.11
1713.23
1507.2
1725.83
1636.92
1448.81
1006.64
1628.34
1010.74
1237.16
1473.47
1152.95
1097.46
669.72
1014.25
1805.19
1975.59
1729.66
1895.36
1216.48
1652.92
1688.84
1272.85
1357.40
1850.69
1226.58
1653.50
1654.12
1953.23
1585.16
1400.55
1518.62
1882.78
964.89
908.86
1438.31
1592.03
1007.40
1001.63
1190.06
1323.56
1801.14
1441.12
1321.13
1794.36
1614.26
1630.21
293.99
384.13
1882.96
1707.03
921.03
1834.15
846.51
1094.09
687.72
1631.18
1223.61
1954.18
881.62
1519.53
1434.81
700.08
1817.47
1171.46
649.58
1291.36
1711.12
1594.84
1285.08
1867.03
1488.14
625.72
1788.24
1979.11
1440.16
1904.36
1204.32
2041.61
1243.43
1770.58
1017.60
1461.74
929.04
1192.61
1594.10
1470.08
1392.90
1540.30
769.43
855.57
1516.58
1243.58
1830.92
1909.06
1606.53
753.21
1265.49
1130.12
827.95
1611.23
888.37
1477.29
1353.75
1424.01
1367.77
1722.23
995.99
933.50
1781.86
1342.39
1796.77
1018.61
905.86
1823.74
1096.79
1303.66
1694.06
1638.60
1365.69
230.58
1839.11
1281.28
1803.18
1293.90
1528.82
1285.62
1936.46
1723.10
1707.09
1609.75
1746.89
760.42
1876.86
1516.26
1540.91
1752.11
1782.78
1462.53
1361.39
1856.43
1700.64
1174.74
1716.34
1336.07
1030.83
864.49
1446.81
1959.51
1135.69
842.30
1609.47
779.89
1538.06
1304.63
1142.42
1558.00
1510.44
1579.69
1050.06
1728.93
1310.18
1113.37
1116.15
1488.88
1529.07
1539.23
1225.74
1377.24
887.60
1809.05
1319.26
1649.10
1119.79
2040.83
1822.69
1203.91
1823.13
1220.83
1731.6
1523.72
1229.66
1435.74
1538.06
1389.26
686.10
1609.38
1470.71
1009.44
1934.90
1254.58
1818.43
1090.99
1468.02
1170.52
1882.58
1509.07
1886.75
1586.13
1572.97
1747.93
957.06
1607.22
780.77
1406.1
1084.02
1239.86
1152.54
1932.41
1745.64
1535.17
1194.84
1001.03
1621.06
1968.00
1806.14
653.33
1257.46
1138.49
1567.98
1498.99
1622.63
1662.43
1478.67
282.79
1533.70
1778.00
1479.92
1603.76
1055.07
1874.64
1827.38
1293.12
542.22
2008.64
1173.54
1738.48
1689.14
1413.70
1937.45
1185.78
1672.19
1816.56
486.48
1293.79
302.97
1694.59
805.24
924.67
1774.56
1853.67
798.52
1510.25
1598.99
1973.26
1782.42
343.42
1575.59
1075.13
1896.04
1329.03
1899.93
1771.98
1966.53
1457.19
1714.87
1188.26
1485.87
658.37
1685.19
1511.40
953.49
1131.59
1729.37
1403.47
1828.51
269.87
1717.58
1688.53
1044.14
1174.85
801.43
1515.43
1281.46
1131.28
1300.35
1112.94
1561.49
1524.14
1101.94
1350.90
1582.36
1341.54
1546.67
1402.11
1754.38
1793.00
1101.52
1234.02
1035.56
1567.55
816.32
655.42
1200.21
839.83
1870.84
1433.37
1016.28
1745.48
1101.15
1928.50
1307.35
1192.38
1341.36
776.74
1299.82
1295.59
1390.14
1844.93
849.80
1309.87
1461.12
1709.15
651.91
1417.67
1420.18
907.01
1857.64
1830.64
1198.93
1357.57
1387.49
1662.35
1641.94
1396.21
1327.08
878.21
2013.11
1272.46
1908.07
1151.81
904.08
1940
1298.26
1515.53
1213.36
1543.36
1517.48
1239.77
1274.21
859.48
1374.28
1380.82
1314.38
1452.38
824.35
1407.84
1051.75
1325.86
1472.68
1657.82
1877.62
1630.30
1311.84
1909.48
958.20
1611.04
1199.91
1650.04
1177.70
1189.08
1569.84
1609.03
1655.85
888.94
1225.97
2016.32
1764.08
1738.22
1360.26
1884.60
1734.58
1978.30
1606.50
1547.53
1582.14
1831.36
1474.67
1154.87
1435.59
1469.45
1369.64
590.17
1139.63
1830.75
1361.63
1553.61
1888.57
1795.62
1560.10
862.96
1585.80
1870.36
390.39
1498.27
1375.94
1585.28
1612.33
1147.90
1408.67
672.26
566.59
1294.25
1715.15
1897.66
1866.84
1794.45
1396.00
1713.68
1733.14
1845.97
898.01
1776.57
642.68
951.11
1096.92
1489.80
1025.78
1591.28
1193.97
1588.7
1591.68
1771.74
1378.13
1445.02
1724.23
1333.46
1590.74
1897.38
1615.72
1048.95
1270.53
1716.61
1293.85
1402.52
896.44
870.49
1555.68
1824.87
1002.16
751.47
1182.08
1691.42
1444.84
1353.62
987.93
1777.52
1566.93
1592.59
1656.14
1445.80
1395.11
747.70
1376.93
878.97
957.48
1770.17
1945.59
1270.92
1933.82
1006.55
1247.14
1064.87
947.04
1106.97
1307.47
1542.78
1487.82
802.37
1501.70
1812.00
1474.98
1373.12
1699.82
1564.48
1925.12
1245.54
1019.81
1393.02
1660.81
1310.20
1241.77
1609.64
1148.42
494.97
1632.36
1611.84
871.02
1219.95
1194.99
961.50
1604.98
1573.11
1367.12
1175
1642.84
1597.84
1696.64
1829.81
1485.33
1461.95
1690.46
1802.2
1655.90
1818.83
1814.07
1598.34
1722.48
1207.98
1554.04
1313.15
1255.89
1748.49
1324.18
1221.33
1739.86
698.90
1841.36
1221.96
1006.24
1071.46
1931.22
1607.14
1503.67
1685.09
1434.97
1607.71
838.53
1412.84
912.48
1509.35
1688.99
1040
1468.71
1483.03
1027.38
1218.29
923.59
1517.48
1825.13
992.20
1255.57
691.22
1578.41
501.76
1063.24
825.67
1402.99
1534.20
1939.49
2054.73
1344.21
1882.70
806.23
938.43
1852.37
1658.17
1344.73
1409.82
1510.20
1242.60
1913.02
1586.64
1045.24
2006.53
2004.11
1918.35
1594.88
1555.54
839.51
1600.51
1184.79
1509.64
1514.73
1011.15
532.30
1926.35
1431.25
853.00
1507.97
1615.84
1263.6
1590.54
1902.12
1047.81
821.71
1278.78
1782.27
622.49
651.14
605.82
1757.78
1659.60
1433.86
1817.81
1284.25
1906.60
1608.83
1334.53
1603.4
1924.13
1551.84
1357.82
1563.39
937.06
709.65
1520.52
1580.79
1603.1
1602.97
863.88
1750.19
1820.69
1706.23
1928.48
1683.12
1693.88
1438.99
2017.22
1777.02
1169.12
749.52
878.91
1768.47
1022.24
1628.79
1696.08
1481.71
1178.53
1433.79
1354.12
1587.39
757.08
1365.57
1787.00
775.60
1646.84
968.24
1588.19
1513.21
1217.81
826.22
1543.11
1456.12
1502.85
1493.25
1247.52
1699.58
1271.48
1428.13
1409.58
1856.26
953.02
1815.51
1730.37
1598.97
590.64
572.15
1844.39
1069.05
843.62
1570.39
965.17
1642.10
1766.20
1546.71
1699.98
1707.28
1497.35
1893.87
1781.76
1218.18
1336.99
1483.61
1549.26
1168.43
1142.52
1516.89
1364.48
1277.46
1604.21
1597.44
1372.21
1574.88
1755.50
680.88
771.15
1732.48
1509.49
1378.41
1730.34
1607.32
1172.59
1055.44
1685.41
1401.62
980.47
1819.16
1456.18
1808.20
1540.52
1671.05
1090.45
1479.03
1695.71
1731.46
2039.26
1042.33
601.84
1341.06
1404.88
1002.41
710.06
1776.27
1186.12
1823.74
1223.37
1689.12
1806.39
1687.05
1052.04
1489.85
1691.36
1076.10
689.64
606.51
1181.66
1822.43
1683.05
760.05
1303.05
1542.86
1694.54
1545.95
1872.79
1939.36
1782.44
1496.16
1967.67
978.64
1201.44
475.82
1688.63
1511.68
1304.28
1518.61
1660.12
2041.31
1824.30
1717.63
1521.08
1445.84
1497.28
1592.17
1832.44
1937.65
1416.21
790.00
1620.75
1403.31
1272.90
1440.49
1430.79
1850.48
1068.62
1000.79
1262.72
451.51
1543.04
1554.15
1612.93
1501.57
1240.08
1127.06
1331.98
1083.56
504.58
1567.37
819.72
1601.86
966.99
1807.01
976.71
1802.05
1798.04
1666.32
1597.04
1846.81
1347.87
1853.47
505.58
1302.69
2019.8
1068.37
1249.99
1524.73
1540.29
396.98
1458.73
1479.79
1310.30
1874.61
1834.83
387.68
1515.78
430.40
1601.18
1378.13
1607.76
1460.87
1724.34
1930.46
527.28
260.61
1381.17
1172.43
1159.91
1341.49
884.73
1710.18
858.53
1800.96
1509.86
774.2
806.54
1197.57
1692.44
1760.24
787.90
1608.83
1585.47
1164.94
598.46
741.05
1508.12
1270.89
1146.21
1454.29
890.00
1600.75
638.98
1232.70
1675.65
1605.16
1896.69
1686.11
1487.26
881.02
1728.93
787.77
1587.8
1159.65
1610.44
1311.16
1240.74
1495.66
1543.46
1576.81
1495.52
1895.49
1803.86
1797.37
848.66
1769.56
1347.89
1514.07
1919.56
1609.47
1696.00
893.08
1222.69
1230.19
1865.99
1484.80
1884.48
1706.96
784.05
1601.56
1686.84
1774.56
1123.15
1098.70
834.68
1527.95
2020.46
1025.65
1787.95
1605.08
1235.61
593.50
1691.78
850.97
1481.54
581.38
1118.47
1151.97
1268.94
1855.48
1925.23
785.20
1698.26
874.92
638.40
1435.11
1188.49
696.01
1524.31
1806.14
1156.27
1510.72
1185.00
1368.75
1523.91
1515.51
1176.64
1306.20
1353.00
426.64
707.94
1562.30
1221.48
1171.80
1094.07
1378.34
1333.04
946.64
1779.77
791.31
932.21
1502.15
1590.96
1581.66
1092.00
1567.37
1626.55
1654.48
1468.67
1879.85
1459.59
1606.5
1807.04
1080.23
1746.89
1523.50
1768.80
1439.88
1262.50
1701.15
1370.61
1771.88
1912.65
1912.73
1826.46
1612.20
1312.35
1605.50
1696.00
1211.65
1457.54
1058.04
1612.89
1927.30
1819.52
1934.15
1348.91
977.04
1420.89
1699.87
1632.36
1748.26
626.54
1491.93
515.44
1341.46
1856.04
1561.77
1572.05
997.08
939.19
1607.97
1402.77
1287.38
1509.19
1316.29
1874.90
1608.13
653.63
1219.29
1726.72
1314.49
1300.50
1514.86
1585.22
1008.78
677.90
514.01
1795.95
905.92
1715.38
1823
1564.27
1538.14
1945.74
821.51
1337.31
1495.8
1377.01
1280.38
847.59
1845.73
1605.96
1461.31
469.55
1150.87
1566.03
1554.51
1038.73
1867.06
876.3
852.94
1458.19
1270.82
1810.01
1327.34
1176.64
1922.70
1962.81
1813.09
1374.48
1192.59
605.85
1796.09
1473.62
1697.15
382.57
1697.15
1750.33
1696.49
1567.65
1823.81
930.28
758.86
1714.14
1707.25
1605.27
1413.17
1200.32
1431.07
1063.55
893.09
1885.68
1067.39
1330.36
1423.06
1070.35
1183.13
1584.56
1918.16
1328.41
586.97
1484.80
1096.33
1605.58
1522.67
1277.75
1717.58
1508.70
1570.85
1920.02
1596.11
1052.36
1420.85
2004.06
1221.16
1552.74
1538.19
1091.49
1282.90
1498.74
1152.76
1584.56
784.92
1419.37
1003.51
1225.39
1543.72
750.40
1475.06
1967.93
885.15
2049.92
1011.98
1189.84
980.41
1609.22
1887.29
1324.01
1511.14
1245.52
928.20
790.35
1802.61
1162.06
1859.10
1695.20
1717.67
1135.60
1479.70
1446.34
1893.96
1168.05
1335.00
1722.49
877.3
1843.97
1797.56
1862.32
1808.03
1722.99
1058.20
1722.48
291.65
1409.20
1121.44
1381.16
819.63
2013.65
1316.04
1455.90
938.70
1856.58
1023.16
150.22
892.99
1057.95
1882.94
1983.62
1777.05
1609.63
1856.25
1218.07
1677.37
1047.59
1269.54
1481.46
875.53
829.08
1704.96
1244.90
764.86
1424.58
1730.98
1418.48
1605.32
1812.74
1263.32
1951.15
1608.10
1514.90
1696.38
1413.94
1345.35
811.2
1069.07
559.59
1604.31
1637.22
1707.38
1484.57
1323.84
1331.42
1336.48
590.42
1813.56
1818.40
1510.95
1833.92
1597.37
1378.31
1945.56
800.12
1274.45
775.02
1684.37
1387.41
952.78
1226.82
1791.75
1778.52
1606.82
1369.36
863.4
1845.48
778.43
1468.36
1515.58
1251.24
1513.87
1308.81
1401.06
1149.65
952.20
1935.85
1571.54
754.08
1783.98
1342.89
1680.84
588.18
1847.1
1477.06
535.55
1169.41
1466.9
300.58
1483.21
1292.50
1413.67
1658.31
1483.08
1215.02
1722.37
2111.15
593.93
1570.06
757.75
1623.82
1444.16
1096.71
1935.12
1685.38
1765.61
1494.63
1414.27
1881.48
1119.07
1780.68
1411.85
1338.57
1220.83
1754.72
433.12
1084.72
1022.97
954.57
1785.68
743.46
1074.24
1893.87
1516.7
1249.16
316.82
1310.78
1071.96
1034.89
1235.43
838.20
1594.68
1640.52
1858.85
1380.50
1725.35
881.50
1663.21
1751.66
1609.13
1619.41
2005.99
1214.50
1565.07
1434.97
1320.89
1933.53
1821.39
1511.21
1025.16
1676.85
768.35
1468.95
867.14
1827.67
1452.77
1255.11
1648.70
1583.92
1988.44
1596.78
266.09
1558.84
1711.66
1304.93
1109.99
1340.81
1589.13
1395.89
974.52
1857.26
1616.54
1625.36
1951.99
1923.52
1595.57
1348.73
1643.45
1610.78
1454.23
376.07
1593.49
1803.26
1281.35
1219.11
1757.85
632.62
590.72
647.86
1804.50
1360.45
